r_confidence;r_vec_0_1_x;r_vec_0_1_y;r_vec_0_1_z;r_vec_1_2_x;r_vec_1_2_y;r_vec_1_2_z;r_vec_2_3_x;r_vec_2_3_y;r_vec_2_3_z;r_vec_3_4_x;r_vec_3_4_y;r_vec_3_4_z;r_vec_0_5_x;r_vec_0_5_y;r_vec_0_5_z;r_vec_5_6_x;r_vec_5_6_y;r_vec_5_6_z;r_vec_6_7_x;r_vec_6_7_y;r_vec_6_7_z;r_vec_7_8_x;r_vec_7_8_y;r_vec_7_8_z;r_vec_0_9_x;r_vec_0_9_y;r_vec_0_9_z;r_vec_9_10_x;r_vec_9_10_y;r_vec_9_10_z;r_vec_10_11_x;r_vec_10_11_y;r_vec_10_11_z;r_vec_11_12_x;r_vec_11_12_y;r_vec_11_12_z;r_vec_0_13_x;r_vec_0_13_y;r_vec_0_13_z;r_vec_13_14_x;r_vec_13_14_y;r_vec_13_14_z;r_vec_14_15_x;r_vec_14_15_y;r_vec_14_15_z;r_vec_15_16_x;r_vec_15_16_y;r_vec_15_16_z;r_vec_0_17_x;r_vec_0_17_y;r_vec_0_17_z;r_vec_17_18_x;r_vec_17_18_y;r_vec_17_18_z;r_vec_18_19_x;r_vec_18_19_y;r_vec_18_19_z;r_vec_19_20_x;r_vec_19_20_y;r_vec_19_20_z;r_angle_Daumen_1;r_angle_Daumen_2;r_angle_Daumen_3;r_angle_Zeigefinger_1;r_angle_Zeigefinger_2;r_angle_Zeigefinger_3;r_angle_Mittelfinger_1;r_angle_Mittelfinger_2;r_angle_Mittelfinger_3;r_angle_Ringfinger_1;r_angle_Ringfinger_2;r_angle_Ringfinger_3;r_angle_KleinerFinger_1;r_angle_KleinerFinger_2;r_angle_KleinerFinger_3;r_angle_thumb_index;r_angle_index_mid;r_angle_mid_ring;r_angle_ring_pinky;l_confidence;l_vec_0_1_x;l_vec_0_1_y;l_vec_0_1_z;l_vec_1_2_x;l_vec_1_2_y;l_vec_1_2_z;l_vec_2_3_x;l_vec_2_3_y;l_vec_2_3_z;l_vec_3_4_x;l_vec_3_4_y;l_vec_3_4_z;l_vec_0_5_x;l_vec_0_5_y;l_vec_0_5_z;l_vec_5_6_x;l_vec_5_6_y;l_vec_5_6_z;l_vec_6_7_x;l_vec_6_7_y;l_vec_6_7_z;l_vec_7_8_x;l_vec_7_8_y;l_vec_7_8_z;l_vec_0_9_x;l_vec_0_9_y;l_vec_0_9_z;l_vec_9_10_x;l_vec_9_10_y;l_vec_9_10_z;l_vec_10_11_x;l_vec_10_11_y;l_vec_10_11_z;l_vec_11_12_x;l_vec_11_12_y;l_vec_11_12_z;l_vec_0_13_x;l_vec_0_13_y;l_vec_0_13_z;l_vec_13_14_x;l_vec_13_14_y;l_vec_13_14_z;l_vec_14_15_x;l_vec_14_15_y;l_vec_14_15_z;l_vec_15_16_x;l_vec_15_16_y;l_vec_15_16_z;l_vec_0_17_x;l_vec_0_17_y;l_vec_0_17_z;l_vec_17_18_x;l_vec_17_18_y;l_vec_17_18_z;l_vec_18_19_x;l_vec_18_19_y;l_vec_18_19_z;l_vec_19_20_x;l_vec_19_20_y;l_vec_19_20_z;l_angle_Daumen_1;l_angle_Daumen_2;l_angle_Daumen_3;l_angle_Zeigefinger_1;l_angle_Zeigefinger_2;l_angle_Zeigefinger_3;l_angle_Mittelfinger_1;l_angle_Mittelfinger_2;l_angle_Mittelfinger_3;l_angle_Ringfinger_1;l_angle_Ringfinger_2;l_angle_Ringfinger_3;l_angle_KleinerFinger_1;l_angle_KleinerFinger_2;l_angle_KleinerFinger_3;l_angle_thumb_index;l_angle_index_mid;l_angle_mid_ring;l_angle_ring_pinky
0.9960418939590454;0.3905369104657714;-0.16065265866737585;-0.039329191595059675;0.3304705076744923;0.15875886095100916;-0.05638095036689952;0.2706120053669586;0.3431199832341797;-0.031478553559315545;0.19103053075936416;0.3123189897351326;-0.009670308295424397;0.6454519412806824;0.5002954331065254;-0.28897694500216875;0.42163145359151466;0.5076612594003331;-0.024669271309158844;0.10834348167216616;-0.06853371122549086;0.08712181713053184;-0.03418450066760022;-0.15050164913241146;0.08148041188257478;0.47352629370714727;0.8368035953224507;-0.27483193414047186;0.46059156501894083;0.4151169944195206;-0.035539483529895166;0.0421693921342494;-0.22441612745539097;0.10260652943692479;-0.09099745609999195;-0.1673928313927301;0.08254665678209841;0.32018748621264337;1.0666104944760721;-0.24231864407360862;0.4423365848670137;0.36645705654920135;-0.01190225694165046;0.02519963715589571;-0.23919023859250416;0.12146202964812035;-0.09469232596485883;-0.17402026934873152;0.08507752719009888;0.1935787757731533;1.2131408051425816;-0.20732403001134542;0.354481061429814;0.2981534511408118;0.005435975412566009;0.04053522600791203;-0.17759752415119673;0.08442749122006296;-0.07833480374908174;-0.14657057308413576;0.0670964001071536;47.75184324554773;26.3129947302072;7.283775907529946;21.226373237688776;85.1018956610524;59.549393359685396;22.14886723301481;119.84857312387696;35.72692867504208;35.15164002534766;120.2349053010147;31.429413563452684;41.953712587738416;114.1985591162837;37.573768103361296;60.11412437526657;21.90754306132438;12.93806392766511;7.973444527731817;0.9930514097213744;-0.3869141284653501;0.06146381088756423;-0.017612207963069622;-0.3001468791955209;0.3600866383141567;-0.06134280356650369;-0.19313409320784458;0.5127270784455344;-0.0357039050704459;-0.018682790337317564;0.43017109273829;-0.030678394020488782;-0.5167082380511319;0.6481233938989222;-0.36668250043111655;-0.27367202593805234;0.8327031403380741;-0.051191713573370434;-0.09435603649703578;0.14943807407527;0.06662538186556323;0.01317577321424986;-0.06012497732616662;0.0723818824969288;-0.28994336808038973;0.8845116137748563;-0.36547509956712376;-0.3292431634069249;0.8186270724939055;-0.030074903184305807;-0.06853538013970308;-0.08341887554594789;0.09758049072726474;0.04088214697694255;-0.18694501906428876;0.06817834173390887;-0.10372477585789266;1.0666698514200115;-0.33792431038857756;-0.30815717972510204;0.7350214309559635;0.0162177178597608;-0.07303272586405957;-0.14308751441929893;0.11763336052484723;0.03577703788637154;-0.21336750561405715;0.06324253769184761;0.045300039765478126;1.187071230985744;-0.30702466380350474;-0.24954051835914606;0.5388988239121267;0.022158082387250668;-0.07520065597003019;-0.09841510125399007;0.0797033544489914;0.01554594715685554;-0.14955235216153237;0.05101207383901262;41.27323085150411;19.4372535956613;18.114400633772338;28.423726486146027;27.685049878656272;107.53107504602073;19.825816725996447;112.2548509583978;48.869583992151775;25.204334351672784;120.58367364971575;38.01868832820467;31.51716514374116;111.79879054893404;41.12800643678071;46.15572527052334;18.978237008605202;12.504646760604258;8.024173667449777
0.9964159127258018;0.3878083029650154;-0.1633869326402562;-0.03986246480608377;0.3296231071825025;0.15554189212220393;-0.056299974359902916;0.2697203658726877;0.34106524761463686;-0.030611905255836538;0.18771190312949038;0.3119419609471503;-0.008289071661227521;0.6424655170841215;0.5006114862723932;-0.29299227603166594;0.42171406320764676;0.4988611588394502;-0.021889399676045904;0.10621448828340728;-0.0746370722671207;0.09084735906472463;-0.03633200002954325;-0.15221808168103063;0.08342442593143126;0.4715099594421497;0.8368519084910968;-0.27813169794482506;0.4615819379380462;0.4074572737311245;-0.03530028508075199;0.04131195699770601;-0.2259717667938472;0.10341613808215817;-0.09185230106830108;-0.166295878195988;0.08313726387356928;0.31939914487988;1.064985996485272;-0.2442488349930664;0.44066954072576175;0.35781519633944586;-0.011948196889112271;0.024248073950009604;-0.23846038144441054;0.1210890778901635;-0.09542038923215043;-0.172541592285943;0.08485054257151918;0.1935012827683228;1.2086879178596783;-0.20770435828945233;0.3526224529274688;0.29255323332198074;0.004996086186456028;0.03921965352219959;-0.17766747616496092;0.08371098874742704;-0.07907181863536744;-0.14646510827232878;0.06660980160460574;47.82777526129599;26.652710113786256;7.783186150367609;21.300860699285387;86.91683510409393;57.54033113219327;22.81866535104435;119.56434375624772;35.78103924990325;35.720861004955005;119.93555670096558;31.58232971547256;42.296366057812506;114.27593768612476;37.47156484172792;60.70305237687693;21.85628159930882;12.868964998134159;7.952303202794601;0.9932299444863448;-0.3862723911318979;0.06098647541495413;-0.016166926280754113;-0.3003268759412294;0.3592873042207263;-0.06025428000154442;-0.1924715659836092;0.5123097544521851;-0.035215480003182226;-0.021903162040267196;0.4309408235251774;-0.031046356203689195;-0.5193649988532753;0.6490765425503181;-0.36182567609435573;-0.2732400591858989;0.8277140291582606;-0.05203413833414155;-0.09205354961593946;0.15944170277786374;0.06372885851458625;0.012768239609978554;-0.049829227029256;0.0702820409156794;-0.29261441505957303;0.8854283016913397;-0.36110043847014894;-0.32660732382293767;0.8155191452701679;-0.02973623116294617;-0.06860480632663613;-0.07500715146592932;0.09641299619978289;0.0385698906340717;-0.18369559277543782;0.06754199558783282;-0.10530055609967097;1.0664771242514957;-0.3343507888366311;-0.30477621885538575;0.7361908039094704;0.016276931742332044;-0.0748599789155769;-0.13353346328618562;0.11659392523658046;0.03276625682345641;-0.21079028464015795;0.06292781563021921;0.04516030094739696;1.185642738677868;-0.30418480278629423;-0.2463998217834894;0.5389105398014744;0.022072917857287832;-0.07876195178285904;-0.09007009727875871;0.07898190868501469;0.011062380908241676;-0.14512136227513692;0.05094465937834151;41.268415479420334;19.55174332325377;17.645296122634683;28.15465006319303;25.296075623535632;105.87401617809721;19.535786441000123;109.75808378129231;50.85144923785873;24.857139679284554;118.67742538537352;39.48434566499501;31.224201147639878;108.79456247693646;42.789882680990466;46.09949539114343;18.97773370693878;12.53849072781709;8.07850347548317
0.996789931492558;0.38510497256359844;-0.16608776115815874;-0.040389097483338424;0.32878048121767073;0.15235915986996224;-0.05621908994590374;0.26883488389564875;0.3390288256205979;-0.029754646259528936;0.18442819326271565;0.31156462633960663;-0.006923394852738571;0.6395035529444936;0.5009165908605971;-0.2969577117455698;0.42178953461814866;0.49015363454336613;-0.019140767135041616;0.10410810452128724;-0.08067004220302387;0.09452926783029271;-0.038454583850692746;-0.1539127889211636;0.08534514230175304;0.4695095849367795;0.8368873692145455;-0.2813899090259812;0.46255428031192025;0.39987852602557494;-0.03506328333401397;0.040463649248849425;-0.2275064219958912;0.10421503444750028;-0.09269609019066706;-0.16520893413228402;0.08371994324469807;0.318615057872699;1.063364283928877;-0.24615352063065873;0.43901494415792586;0.3492661895797358;-0.011993439593171664;0.023306957687073932;-0.2377353046420944;0.12071858006476996;-0.09613878359334382;-0.17107716638178044;0.08462488746782922;0.19342182459197813;1.2042678149774668;-0.20807731475689922;0.35077976142463635;0.28701229557056224;0.004561117731877345;0.03791844059148159;-0.17773402180735537;0.08300139022368676;-0.07979930335152857;-0.1463586874190877;0.06612774829756721;47.90149837368875;26.992754173010603;8.282999772199716;21.404328854755942;88.60043197512915;55.64553567959586;23.489519357291467;119.2730927136309;35.84008091196637;36.296133582602785;119.62925633760466;31.735685369014643;42.64289863237077;114.3463560680026;37.36843965729809;61.28690911571883;21.805393537701434;12.801313820200548;7.931827813669699;0.993408479251315;-0.3856214508015369;0.06050841318209062;-0.014723999021422057;-0.30049840600592553;0.3584798010335538;-0.05916622994543459;-0.19180511512252135;0.5118793867301372;-0.03472704628688431;-0.02511672164945558;0.43169741757991736;-0.03141276838266843;-0.5220025877759313;0.650010303134075;-0.35696845085267265;-0.2728015399895148;0.8227121777665631;-0.052873529310213364;-0.08975302128414975;0.16942169969982385;0.06083620678932127;0.012361147957431875;-0.03955201530528126;0.06818435505618996;-0.29527239253466625;0.8863192824358014;-0.35672446480349507;-0.3239677457204537;0.8123951741110994;-0.02939740937892617;-0.06867224376061551;-0.06660964641038104;0.09524515019543696;0.03626105758526366;-0.18044747654718596;0.06690505257982161;-0.10687044611974302;1.0662559382146262;-0.33077513050885615;-0.30139354880787805;0.7373380161261552;0.016335591226591832;-0.07668167896962422;-0.12399425531860091;0.11555334556171275;0.029760405110536115;-0.20821234292354676;0.06261200024767036;0.045019611164682664;1.184184952791985;-0.3013422034761003;-0.24325853011898424;0.5389076641712337;0.021987321099173576;-0.0823142399076673;-0.08173877625070307;0.07825972115790313;0.006587175352160806;-0.14069500738663215;0.05087599788849757;41.263529256763974;19.66675644010799;17.179319047715992;27.888125366092908;23.110736240286833;103.19068981852848;19.247636945733746;107.06384018590637;53.02380009441797;24.510759915637312;116.62682184830973;41.086421673621686;30.930510167876434;105.6287324424264;44.528268972349686;46.04377260595087;18.976777834010246;12.572853143969384;8.133747014715313
0.9970657476685724;0.382711936836843;-0.16803126391082707;-0.041554431719665094;0.32796925618887857;0.15082366996670576;-0.05642308904108452;0.2679895337051918;0.3385087834656482;-0.029177851311395317;0.18175215279708856;0.3117256654860116;-0.005932703411907309;0.6366191892318266;0.5011358897765043;-0.3009410662037105;0.42182216647846754;0.48441634377704074;-0.017327022951289392;0.10288366377904444;-0.08398020431203469;0.0972002264102414;-0.039659661505547776;-0.1545842184298395;0.08679845290079037;0.46754901360819073;0.8369597618804211;-0.28442270807211706;0.4634183779263016;0.3953851763447709;-0.0352196973832314;0.040341756251393225;-0.22791173486798014;0.10470803570105224;-0.09295818813072458;-0.1645225072996232;0.08423679474208308;0.3178732953944953;1.0623866224204737;-0.24777793845224355;0.43757502544236765;0.3430562796717373;-0.012188368661404235;0.02311742062536776;-0.2369432563796235;0.12025978871765196;-0.09631852452987479;-0.17005188674354949;0.08445966231036683;0.19359402550068108;1.2013387996800193;-0.20822853469833846;0.3491553141595188;0.2822758474826055;0.004129247085804358;0.037438851712167785;-0.17745955639993816;0.0821877420453078;-0.07992095594787324;-0.14612429388385584;0.06564198784921667;48.0858687351413;27.223591198151645;8.62618838548774;21.557555281381973;89.44029819518443;54.555382541097124;23.959037243426692;118.98110318369066;35.91456818834309;36.7155434426937;119.3184009852106;31.87382062845024;42.93211735905588;114.22233865792599;37.35798063215711;61.730011449878134;21.764207586228657;12.745294995995293;7.905466190661447;0.9936253618006036;-0.38493618031758625;0.060171818397040326;-0.013602381125871182;-0.3005160863558533;0.35840959823353985;-0.05818913912299443;-0.19133454170154526;0.5117812031332946;-0.03431330383758932;-0.028017926505676364;0.4326258275915889;-0.03160643384497083;-0.5241981107113491;0.6510442623990736;-0.35257824651395087;-0.272566404572997;0.8199444249042125;-0.053844734283477046;-0.0876407794970871;0.17475221223523538;0.05811840856473029;0.012331529330923244;-0.03376595717332321;0.06621655002214158;-0.29738004529208534;0.8871790391172619;-0.35281505241847183;-0.32187341793525553;0.8098352188214301;-0.02928790840468894;-0.06823706943635569;-0.06147504129315998;0.09393256844380644;0.034971272938417224;-0.1784639147109871;0.06602334478075271;-0.10797521555687063;1.0661657847915087;-0.3276839081111322;-0.2987617687597919;0.7377701236763433;0.01627298406236559;-0.07755277242146139;-0.11754406170266032;0.11460350417724745;0.02784755397787712;-0.2064984914844012;0.06221392446358618;0.0451127692152404;1.183210006615138;-0.29904598300446733;-0.2409167928773339;0.5388452151363115;0.021868859173124845;-0.08462819522328119;-0.07560946275551471;0.07765883560702463;0.0035535996866571697;-0.13727607865562005;0.05073159939801044;41.302763144656176;19.70454863459531;16.76435158912131;27.649296617276608;21.709899965176046;101.76406240756083;18.984306950058198;105.47914813828223;54.42582294481383;24.236570241666847;115.26142194478678;42.212083537801384;30.713122218195238;103.27823102216578;45.86413416722613;45.98153863056575;18.97483534938797;12.602606085058207;8.176790672038877
0.9968466654226308;0.381767226311332;-0.16631388845039172;-0.04595829422367209;0.3272941369455871;0.15741693974380178;-0.058058195877064206;0.26731831906353826;0.3455285960656625;-0.029969584509737742;0.18197750683081682;0.31459271978980197;-0.006758774367607395;0.6340165951929865;0.5009701882002088;-0.3052306736295113;0.42166937010113376;0.49320169635528827;-0.020075561455770646;0.10599272985366139;-0.07391302919328971;0.09498025069075546;-0.036362139780113774;-0.15020729638952474;0.08600394655762406;0.46571772024572844;0.837271297226395;-0.2865026699525697;0.4638156233557195;0.4060439510114213;-0.03734354430323793;0.043830598981896035;-0.22273224295974203;0.10371008294421902;-0.09034486249538771;-0.16580484982324592;0.08445708092030256;0.3173248261309366;1.0646304804134075;-0.24810413860019112;0.43715857086757104;0.34819646585771064;-0.013138536665300926;0.026659390186629994;-0.23579318121060178;0.1193462680693449;-0.09383308271119951;-0.17117103517025006;0.08459210183864181;0.1950389260473139;1.2057571430437501;-0.2072969102694149;0.34855741110571226;0.2813236376497349;0.003691526282227247;0.04102571469347379;-0.1754856759036866;0.08082093225128395;-0.07703926595037082;-0.14525052660421775;0.06511763919583785;48.82851070108406;26.902346963611112;8.187251959630675;21.829505640419807;86.51258537423733;57.07532893833898;23.423688765102447;118.68585453434234;36.06658148135408;36.32489136771868;119.01180873237654;31.936359652924196;42.91500981456763;113.14158237519788;37.81863777619686;61.48518004432858;21.770744502009162;12.742013874837351;7.847440667955014;0.9940355005338812;-0.38411778444228745;0.06055184638665048;-0.014089459745806894;-0.29979557825218656;0.362097896606946;-0.05776780943945289;-0.1918694182243007;0.5134186467861851;-0.03427569464962886;-0.02937979842625286;0.4344830902934792;-0.030935584198899913;-0.5242539779636802;0.6526741285533709;-0.3505374332785254;-0.2733870426621602;0.8285052099684909;-0.05549720307866233;-0.0864653621053175;0.1567325966706594;0.05625961180575827;0.014205202716347346;-0.05055288177050149;0.06489018543744701;-0.2967737472594011;0.8879995614106568;-0.35125791360778474;-0.3225435990830973;0.8101892011055959;-0.030336377924670657;-0.06527291411726434;-0.07273461813988769;0.09188807220819897;0.03880692564270346;-0.18285304957273682;0.06390688146079161;-0.10676135655659402;1.0668657620020063;-0.3270407436084129;-0.2999221073044869;0.7346939718256742;0.015600634409867488;-0.07365261410754632;-0.12660457035479344;0.11411474527932262;0.03142521403217535;-0.20914572652476882;0.061404689974941966;0.04639083031836205;1.1848028055971165;-0.2995149863541324;-0.24260841636223193;0.538548021068654;0.021586198428132305;-0.08073741999747597;-0.08051950342253954;0.07767226252726107;0.0077522572839337335;-0.138913683184816;0.050210232407788324;41.56340426441313;19.35222341402902;16.59256585866271;27.538391896031815;23.54946863899755;110.56101382746316;18.837129439256692;110.328698377274;51.10509062076514;24.323845182300207;117.98155181001903;40.33198954110141;30.884027981247613;105.72377757859542;44.883459919849365;45.884150568903046;18.970106607974056;12.606986741945805;8.154249843316908
0.9966275831766896;0.38082335571991155;-0.16460211907314473;-0.05034412903859195;0.32661919687038077;0.1639825342826579;-0.05968629233181861;0.2666477315449838;0.35251756760075;-0.03075790886225167;0.18220054981389833;0.31744583692635264;-0.007581478105985729;0.6314195441371551;0.5008012789836178;-0.3095007076422102;0.42151392730543935;0.501947981327946;-0.022812915060438317;0.10908850009873636;-0.0638856816537912;0.09276844937961552;-0.03307756971596562;-0.14584677753236444;0.0852119636923381;0.4638901756659757;0.837575110141843;-0.2885720703593292;0.464207689285442;0.4166568138926708;-0.03945857968682104;0.04730510238756248;-0.21757181426606872;0.1027153332112849;-0.08774132558925059;-0.16708076468548272;0.08467583023541544;0.3167761048616411;1.0668571041589439;-0.24842711183753738;0.4367404081838462;0.3533133331781762;-0.014084790141513598;0.030186939964979058;-0.2346458984968725;0.11843549075365521;-0.09135688946743933;-0.17228436934162225;0.08472335598315235;0.19647652061273732;1.2101484351524388;-0.20636742194804583;0.3479592129873186;0.2803730742923369;0.0032555334885277635;0.04459786668310775;-0.17351835992961345;0.0794589826185226;-0.07416854446603913;-0.1443791428848181;0.06459489134946775;49.554461932901376;26.58088804272078;7.762379946813923;22.102742213472357;83.41208507545817;59.707253893633904;22.911518669798642;118.33760860258344;36.25642430910788;35.940206149202695;118.69676076614093;32.003993680909346;42.89885673430459;112.04534962312569;38.27884555898478;61.23670859636364;21.77829159005773;12.739903438908202;7.79113328220341;0.9944456392671588;-0.3832956472756084;0.060932780034870994;-0.014577920240069011;-0.2990719099379086;0.36579576989588447;-0.05734504091345193;-0.19240519821952995;0.5150591137271435;-0.0342378556675375;-0.030745568925837425;0.4363442968183533;-0.03026265608026319;-0.5243081845056335;0.6543065110114031;-0.348489404477294;-0.27420913997269886;0.8370882606354614;-0.057154333244993805;-0.08528619065574845;0.1386594983479432;0.05439515852926493;0.016084331047706093;-0.06738894625905523;0.06355969844855906;-0.2961646350556693;0.8888194032286464;-0.3496949776399643;-0.323214626341606;0.8105414031785144;-0.03138782199478423;-0.062299823635287147;-0.08402701967867907;0.08983724989934944;0.042653711471545716;-0.18725444215465809;0.06178397804352522;-0.10554355991978785;1.0675640820039305;-0.3263945512760045;-0.30108481066314097;0.7316062256584943;0.014926255256379625;-0.0697407417158468;-0.13569125586563696;0.11362415331484821;0.035013274986480526;-0.21180001049180402;0.060592864415563455;0.04767248457254713;1.1863961597435388;-0.2999843249620544;-0.24430416494435148;0.5382480793282537;0.021302632157664314;-0.07683493359814686;-0.08544368830774234;0.07768545852918901;0.011963222520650232;-0.14055561505970432;0.04968715899667485;41.82186063698314;19.002345221956336;16.422186507070688;27.428243901313326;25.84779156334162;116.7308322318046;18.690205778228464;114.951946749799;47.96140015370859;24.413878483483575;120.58073096989979;38.55549314292664;31.05570594560258;108.1554632622102;43.8888817647071;45.786773651410186;18.965551243162487;12.611639992594917;8.13173638223369
0.9964127635444094;0.3799872202194419;-0.16275131259922934;-0.05416128964811328;0.32604510429708694;0.16981833180702144;-0.06099779269910078;0.2659258224461425;0.3586978529290041;-0.03146209495893561;0.18237681109133305;0.3200040448877324;-0.008337340900405462;0.6289506805504366;0.5011323206842423;-0.31219030507065265;0.42141085755605645;0.5096800991315088;-0.02542531777823513;0.11164789992099325;-0.05524743304558979;0.09033368536170974;-0.030325626291026444;-0.14183017020279923;0.084157190866235;0.46211784876518797;0.8382499400286691;-0.28945488749469656;0.4643466325024962;0.426062211903005;-0.041395307864983584;0.050167815325084;-0.2131084902206237;0.10141535770257723;-0.08552012815661496;-0.1680791235210981;0.08456404496202219;0.31620771477923665;1.06894642585794;-0.24801179981322088;0.4361837096118535;0.3579795073873934;-0.015022161790112867;0.033181973225893245;-0.23353372652669088;0.1173540399146874;-0.08914875403537718;-0.17313730121855986;0.08465460881306609;0.19783171322658813;1.2137661560431996;-0.20511489307749356;0.3471784156404408;0.279752062520897;0.002757247543903133;0.04766739862704984;-0.17166755065054298;0.07810369245617517;-0.07157162043800994;-0.1436724353016381;0.06402105934875911;50.14618871576941;26.30246019438371;7.38847802327749;22.253176645377124;80.62193053193812;62.154131276274825;22.444981822630325;118.06857242655384;36.46422834361528;35.57457177847193;118.46866479502324;32.06504775271291;42.831772465741516;111.12502830838403;38.653348843770466;61.003408137630245;21.777699930122616;12.721437952158459;7.725590741410522;0.9948075351635818;-0.3826479207130858;0.06108171753365055;-0.014994989697170374;-0.29838063024898304;0.3690933289164575;-0.05696880272711815;-0.1927963566296305;0.5166150417364979;-0.03419554511844278;-0.0320758682415897;0.4380676191545942;-0.029663680308819343;-0.5246784541286591;0.6554332693047952;-0.34676705853608;-0.27495431572830126;0.845020897245467;-0.05860129892404199;-0.08415727191086858;0.12342639621993146;0.05283769927668348;0.017786244489475495;-0.08174018516215112;0.062453590395066295;-0.29588536698817475;0.8894214105946515;-0.3483983409519822;-0.3239272848478207;0.8112621100326132;-0.032350231116997454;-0.05956083514301663;-0.09373944974588437;0.08808954483081814;0.04604825380647794;-0.19101488959316973;0.05999464273221955;-0.10470555408981848;1.0683410638426052;-0.32589429764647265;-0.3022120707394692;0.7292263277856582;0.014315238567463017;-0.06622066385509694;-0.14360055341109335;0.1132238895675292;0.038167735929264174;-0.21410815160648394;0.059922185434386245;0.04860134803841831;1.188174541117393;-0.3004511524348526;-0.24588876888721126;0.5381592737601997;0.021028881866609568;-0.07334478358428194;-0.08985527320306078;0.07770388146363329;0.015708991830626174;-0.1421511566905975;0.04925350448233208;42.08411719546053;18.700933559817432;16.246114748568505;27.363347789027404;28.22036564167238;120.05937857358006;18.56148470903668;118.7514031348464;45.40136362557315;24.48494885620932;122.75791604650979;37.078872530064714;31.196705828383422;110.30836737245717;42.98571158029042;45.703099156099285;18.97328488526555;12.62205812462936;8.11394518433096
0.9962387867139098;0.38014840548012596;-0.1595139095346301;-0.05269407770991933;0.32641165896275887;0.16890439006469696;-0.059339694321708276;0.26469079436775944;0.35738905455555686;-0.031389171522561474;0.1821136917783408;0.31984152057959225;-0.008482528453471038;0.6276183920792638;0.5062344807796629;-0.29992467762193525;0.4218029474921444;0.5080195905839614;-0.02693690152741513;0.10918773829338771;-0.059540636129714435;0.08569345201038846;-0.03255107160760807;-0.14095130693706948;0.08056466886086171;0.4608110383220566;0.8424800798506527;-0.2790707831633149;0.4620804698351359;0.4242915370412164;-0.04170027311429582;0.04730322689266957;-0.21513033629088346;0.09716528822125545;-0.08686354237978455;-0.16646893567681229;0.08130159034555472;0.31543278043998735;1.069799663379769;-0.24055349911731197;0.43428919319865483;0.3585134400157153;-0.015906831410138177;0.03120893377646371;-0.2327180545463884;0.11461093772071924;-0.08941764765934888;-0.17154005792543509;0.08267940647958769;0.1984484676189468;1.2101421026748562;-0.20074428598273253;0.3446326675344563;0.2822474927739112;0.001648961142035095;0.046056022644865274;-0.17086306879462132;0.0767657523284303;-0.07149315546766652;-0.1445095353905063;0.06294138150123497;49.60563629669525;26.43384725569733;7.378194658301714;21.220831343612655;82.226718849024;61.996295382017976;22.21952773961347;119.03908720220217;36.49061367368708;35.34013886316212;119.15075817821102;32.01687156324196;42.2691233436492;112.02707497899584;38.21673554727325;60.94605114489293;21.688419551194183;12.537729132081665;7.557770352772875;0.9947071858791192;-0.3837045329753268;0.05899609199169212;-0.014714891993429569;-0.2980261055718665;0.3684644354083182;-0.05705129367422267;-0.19179085163823179;0.5173309836261241;-0.03411214664837151;-0.03303183733657817;0.4384314180159159;-0.029792269301699998;-0.5280937689935713;0.6516826843550676;-0.3482310466334628;-0.2749473222932142;0.8465147077582343;-0.05799070052776504;-0.0835427252964312;0.1359108170826069;0.05427513919866323;0.01774012937193208;-0.07181902830580927;0.06353620671170596;-0.2987944943888441;0.887934494616982;-0.34970585267078336;-0.3250305766827113;0.815530784863207;-0.032432270003124;-0.05914557764908826;-0.08800444567116467;0.08930516261819502;0.04500605492675835;-0.18851722034794552;0.06146198495175726;-0.10754592703217415;1.0698821365122264;-0.3268192385226842;-0.30297724598747533;0.7337364091627057;0.01432980757391503;-0.06656169846581549;-0.13998327049090575;0.11370581738410573;0.03707075344225597;-0.2130323395704887;0.06062821500858274;0.046113189246433754;1.191718042007478;-0.30088952485788334;-0.24636982297383553;0.5401178981310649;0.02085707461028604;-0.07391282281458278;-0.08922459654773421;0.07777409057067271;0.014883692280242992;-0.14326333428112709;0.049692527370210446;42.40272581262251;18.84169206821996;16.002537437628945;27.725954264054675;26.189588069310776;118.31560841954985;18.606334391902845;117.08008791406336;46.459477001502094;24.34976999454576;122.01525751765489;37.50564251126035;31.03710648772905;110.00642433596495;43.010575817525265;45.74982553852543;19.097460522091755;12.68570576560578;8.141323608482788
0.99606480988341;0.38026072325338545;-0.15627183447966161;-0.051227227962120356;0.32673516091018057;0.16797345738833888;-0.05768203181985019;0.2634281949410506;0.35604131031856245;-0.03131262616717278;0.18182879246616987;0.31963930942000246;-0.008625947278394892;0.626213081622717;0.5112481508588382;-0.28767986485764596;0.4221397937423418;0.5063027637415507;-0.02843783582925306;0.10672554831031499;-0.06380573907331352;0.08106460669187426;-0.03476173732800934;-0.14005882123399718;0.0769791645506982;0.4594521878338252;0.8465833663529223;-0.26870111817643255;0.4597667024370773;0.4224756646901515;-0.04199850158119577;0.04444637702552879;-0.21711527872309438;0.09292328625037576;-0.0881895310468963;-0.1648454004956719;0.07804447895422216;0.3146216508718744;1.0705134653004365;-0.23310049436736677;0.4323488077022254;0.3589994566498831;-0.01678525040146274;0.029241397999134083;-0.23187684733107963;0.11186647651216886;-0.08967394023956315;-0.169928763698558;0.08070320628059838;0.19903716021664178;1.2063823071021587;-0.19636921932870627;0.3420555132584703;0.28469525913992744;0.000545775528846792;0.044446539320369155;-0.1700408238143091;0.0754245096148053;-0.07140602128276285;-0.14532434228770533;0.061858912844478725;49.06399233508802;26.567860883059016;7.367819414475181;20.18924093717685;83.87921048987818;61.814646644334346;22.012667521560243;119.9997634705251;36.524408962159626;35.11020137037258;119.83751275901086;31.968261123178987;41.70841448398952;112.93320563853088;37.775366157142784;60.885696242711404;21.596463590432965;12.357869395242199;7.393222125290393;0.9946068365946568;-0.38475913455743543;0.056904285952328076;-0.014433879818411023;-0.29766694989288534;0.3678293186307475;-0.05713329079744641;-0.19078033619752535;0.5180423638475082;-0.034028106280454676;-0.03398989249285153;0.438790716398878;-0.029920823751990698;-0.5315114383709033;0.6479142021841985;-0.34969452900838777;-0.2749368924251089;0.848001895731822;-0.057377786479138077;-0.08292553505311986;0.14842615400108705;0.05571565854650336;0.01769367326820986;-0.06187106738589312;0.06462086062280664;-0.3017075049539311;0.8864326563670305;-0.3510124316609939;-0.32613270919061116;0.8198004694954967;-0.032514119950484525;-0.05872850031944023;-0.08225336933942366;0.09052284499973433;0.0439605746047743;-0.18601068424834022;0.06293239534587326;-0.11039238119034486;1.0714139331551873;-0.32774253203379317;-0.3037406530142377;0.73824914770034;0.014344236481044428;-0.06690279626006411;-0.13635479998611838;0.11418759025703334;0.03597044508632019;-0.2119510693874813;0.061335334793560826;0.04361795881749526;1.1952559819623094;-0.30132530149956793;-0.24684907054483207;0.5420749230734754;0.020684559346004914;-0.07448142670928358;-0.08859116349901584;0.07784351614965299;0.014056052249894768;-0.1443766354973088;0.05013207907771845;42.72091718177995;18.982729227550372;15.758755883983506;28.089847028478637;24.472411210653167;115.59969925846931;18.654166707310434;115.31482671521836;47.586316015238296;24.216176320615517;121.2494717647509;37.95083551121619;30.87808101257653;109.7030791111425;43.04093533043694;45.795193830540796;19.222138812355535;12.750263954677479;8.169042213145167
0.9958994172084786;0.3802671791220245;-0.1531238735351116;-0.04994350839835464;0.3269752016775052;0.16715122466954305;-0.05620014595026582;0.26220026980886196;0.3547249291841844;-0.0312731168466951;0.1816742854869567;0.3192869204973243;-0.008791215559041816;0.6247865521368414;0.5159310830784036;-0.276585681405551;0.4223931533611039;0.5047942682432331;-0.029824988603625657;0.10450578422962797;-0.06748840958467062;0.07684174028436569;-0.03670612158641609;-0.1391240541485609;0.07371752591273434;0.4580204789458602;0.8502798300716409;-0.25930956681068695;0.457528099144183;0.4211072549532269;-0.04224820247495541;0.041977135978264454;-0.2188258443753408;0.0890990012064401;-0.08926147387385142;-0.16334502628284883;0.07509375418896255;0.3136703220858547;1.0710077737608814;-0.22637445311557333;0.4304545528250958;0.35980838362703293;-0.017596218123980427;0.027609691893364142;-0.23101598170007523;0.10937763224550814;-0.089773106820085;-0.1684593411643123;0.07891087919767202;0.19937382758771544;1.2027733137575929;-0.1924642790703922;0.33969633317584347;0.2873536531859268;-0.00046552504930421154;0.04312336763901335;-0.1691770310965521;0.07421293739913241;-0.07120782434228261;-0.1460705276994684;0.06087275912000365;48.55366186568804;26.68647757451187;7.331457603230532;19.24538567803761;85.36635465316543;61.67090071794028;21.82792260969942;120.85587510737518;36.56211549504095;34.877355398012895;120.46374033059807;31.92719826191403;41.163472366723084;113.75371822317088;37.38037547282638;60.818115780799126;21.505840537480957;12.195722211091153;7.245131412693644;0.9945048770775874;-0.3855966290521152;0.054921050677001725;-0.01421713721964794;-0.2973616116737322;0.36708468827152474;-0.05720028583642614;-0.18986124495093104;0.5187748118885211;-0.03393331473586865;-0.03487201889425063;0.4390669774761916;-0.03002907247723946;-0.5344517215615924;0.6445796314000486;-0.3508886829302091;-0.27491124791425203;0.8491075004287568;-0.05675892250235601;-0.08249893280827937;0.15998060117040924;0.056984779711754585;0.01752852334129572;-0.05244799983821729;0.06554965332378669;-0.30429930036130104;0.8851421499384866;-0.3520302688717213;-0.32710596627509625;0.8232516307822838;-0.03251351996234925;-0.05847090968245358;-0.07702577754779931;0.09157104936015041;0.042967088318383355;-0.18369684648222048;0.06420614201437708;-0.1129817003399047;1.0727157183996612;-0.32838253475989493;-0.30434990333291534;0.7419432119466929;0.014382040752066455;-0.06735146717053792;-0.13301106987891706;0.11452880261222181;0.034905735157860156;-0.21096153807584522;0.061899911923181374;0.04133181593728923;1.1982234774954528;-0.3014959320348069;-0.24721932598411445;0.543676841076852;0.020481672555322593;-0.07515559025730778;-0.0879473875711701;0.07781338482936906;0.013160387550808218;-0.14532876080107787;0.050467982537574764;43.00292925382328;19.12895304431331;15.532527732602283;28.406625991804873;23.121196400235394;112.13678488441951;18.695703555709873;113.59903139580666;48.700692136911336;24.095256159288045;120.50386398905123;38.399647797614065;30.7294791623561;109.37565003966559;43.096003207306964;45.84855900644169;19.329728879024803;12.80487903778454;8.194525276958165
0.995852381564132;0.37945181232514613;-0.1513141535504092;-0.051172929701252465;0.32662805368654485;0.16804516587776772;-0.057127647137853586;0.26180276512705786;0.3543413422969827;-0.03179164063815756;0.1836023267451523;0.3173789034961367;-0.009282159744991218;0.6240119688650628;0.5172391119517833;-0.2810191338567622;0.4222183869395099;0.5068858398869026;-0.029790906952492934;0.10564215176475598;-0.06352770061415557;0.07804258831782296;-0.035183056636429476;-0.1377776750492649;0.07481033881658093;0.4562540291911152;0.850046399927383;-0.2631603671098074;0.45693352322932906;0.42649367758666884;-0.04191812536016752;0.044737703624075864;-0.21724483495028885;0.09090646057237894;-0.087063464493883;-0.16370813907359327;0.0762803156140299;0.31125135723397307;1.0702994800373151;-0.22956328243575347;0.429783408867488;0.36570399669875703;-0.017563764711513313;0.03052829031019474;-0.23021180769873495;0.11041634429186875;-0.08786984870920406;-0.16912095110149952;0.07965628312514075;0.19660246037254767;1.2029945003017708;-0.19507731851183044;0.3407389361582849;0.2935588269807145;-0.0002826312276162663;0.045716604281903536;-0.16796634197765944;0.07482533552251062;-0.0695893179228615;-0.14616637021475642;0.06124522175206066;48.487619167646265;26.558742118784718;6.938513454262069;19.493989083968657;83.9959785694037;62.36314327663194;21.70214775341815;120.41442745183585;36.56038740820867;34.54772767139325;120.19099195612698;31.996172076679024;40.81487387278479;113.33222131353982;37.689325771199336;60.68901189288918;21.46648949971862;12.225006210795028;7.278791069983801;0.9943807159183918;-0.383473236832393;0.05451752389659591;-0.014895926067391416;-0.2978558900164536;0.3649184705911818;-0.05706714810601172;-0.19026620779813724;0.5198510060446561;-0.033699463279548765;-0.03468028594923553;0.4382584141469007;-0.029858295283136497;-0.5307899370153971;0.6474493730980874;-0.34838372588317457;-0.27472039809557536;0.8450501605713573;-0.056090805438183615;-0.084726048008385;0.157885877408515;0.05585408908900275;0.015738078229307614;-0.050622249991808824;0.06430697637695428;-0.30241657491186635;0.8869505912028303;-0.34908861909768035;-0.3263188471230271;0.8154292430264972;-0.03138274639389328;-0.06042851028978642;-0.07921907918642834;0.09025980364184401;0.04273441970360843;-0.18415410521021605;0.06273313574981015;-0.11194882137764889;1.0709693810203014;-0.3251488738049585;-0.30286103351433397;0.7343395226760513;0.014742535325518764;-0.06927480357701496;-0.13373734799300976;0.11293948358690373;0.034377539952898536;-0.21130641976326375;0.060489805965535014;0.04201895327098147;1.1934110492603256;-0.29805651189466337;-0.24611353280766707;0.5404132323950972;0.019871583613719396;-0.07726927621420479;-0.08719973779013271;0.07642579021079463;0.011364459044419479;-0.1440479089034334;0.04937173971378478;42.79217457145765;19.342794525780114;15.550952871580511;28.058212023060985;23.22548508469889;111.50540511007001;18.614316643330582;113.81631509909165;48.71516222998857;24.129334600449663;120.34589863034353;38.64527107250011;30.717418067866305;108.73310346934683;43.41168966496939;46.0309774650179;19.19529547426589;12.710908478961029;8.184942218624261
0.9958053459197852;0.37862802385910516;-0.14949821584474882;-0.05240379501005797;0.3262743396140104;0.16893779473921725;-0.05805590329405504;0.2613997678286968;0.35395061876552814;-0.032310589131369326;0.18553076652067638;0.31546148105671734;-0.009773881933171417;0.6232246268094342;0.5185403211564064;-0.28545605152856257;0.4220356605210818;0.5089722879600996;-0.029756221766385618;0.10677880060550418;-0.05955821598286443;0.07924434017651585;-0.03365642289563175;-0.1364262150680916;0.0759039058216278;0.45447593920157453;0.8497971721274297;-0.2670138328459236;0.4563295519311993;0.4318827743132043;-0.04158665563658385;0.04750278057424632;-0.21565685790421543;0.09271575987993186;-0.08485964959859477;-0.16406899540813047;0.07746778516600895;0.3088221134547481;1.0695704972444526;-0.23275410879901767;0.4291032122607125;0.3716043621947847;-0.01753093166790364;0.03345195896964284;-0.2294019281960563;0.11145506335113393;-0.08596133823716429;-0.16978078177992717;0.08040168452093549;0.19382220552400126;1.2031943921470178;-0.19769186864314112;0.3417773950479397;0.2997706520581963;-9.938003514347751e-05;0.04831401026204321;-0.16675028825350544;0.07543756216008488;-0.06796643766113374;-0.146259758216698;0.061617295960253844;48.419591013185006;26.431077761795827;6.546914299352456;19.742740228287587;82.61624147555166;63.04859022131766;21.587126045756;119.9621253277971;36.55831791244105;34.225836614681036;119.91147433103457;32.065616677316235;40.47752962554615;112.89713497027252;37.99871603234835;60.55723164568232;21.42694816964456;12.254398962045867;7.312565306536855;0.9942565547591964;-0.3813590822471323;0.054116033559152316;-0.015569657920800102;-0.29834209366096875;0.3627620791709915;-0.056934084201451934;-0.19066537787897672;0.5209115882886804;-0.0334667597583923;-0.03448938629015332;0.43744889609501797;-0.029688276086328354;-0.5271460800179625;0.6502887905186243;-0.34589125799501663;-0.27452670176827637;0.8410087529600255;-0.05542658308469144;-0.08693602246850243;0.1558036396589406;0.05473058763446601;0.013960129827537264;-0.04880871416176108;0.0630721559292086;-0.3005426154186357;0.8887325932149023;-0.3461625544088225;-0.3255323337846725;0.8076500260832128;-0.030259537086846682;-0.062371259377632;-0.08139556491830233;0.08895650505834171;0.04250275234040228;-0.18460529266719863;0.061269648675863306;-0.11092157727386233;1.0692190775734078;-0.3219332417250836;-0.30137812088739;0.726778689332066;0.015100239657140009;-0.07118339684455915;-0.13445641254683413;0.1113597428779904;0.033852576322518646;-0.21164561411896934;0.05908880604529035;0.04270055913384988;1.1886145938863477;-0.29463699905344676;-0.24501183999299453;0.5371645712920395;0.019265530849475403;-0.07936674250448997;-0.08645607244735144;0.07504689759955895;0.009581133190880213;-0.1427739647540023;0.04828254019431864;42.58183952504257;19.556291195085667;15.569313140205677;27.711982640243225;23.360704858527033;110.80253196824762;18.539399744369447;114.00910528657491;48.736642210474166;24.166050188991267;120.17939577333307;38.88887566046549;30.706209590226642;108.08831704234245;43.71197332267403;46.21445466336057;19.061031651432728;12.6180109338669;8.175760747560846
0.9957533791812528;0.37776290743192503;-0.14730157094732377;-0.05341137363384719;0.3257427170462517;0.1696876271397568;-0.05876081259571346;0.2608553793895778;0.35338767616155475;-0.032615988921137214;0.18708874342812631;0.313535505916787;-0.010036177445698628;0.6221733443203655;0.5201243877587823;-0.28929340229474537;0.4215148880419432;0.5103979821753997;-0.029378698095844487;0.10777338611718625;-0.05589843602685295;0.08066468530313856;-0.03216588524725586;-0.13548430022733204;0.07711579173161257;0.4527429081915821;0.8497050597193252;-0.2702316979364312;0.45537580404092526;0.4362470861498473;-0.041052789230919796;0.05014736189201909;-0.2137245259621092;0.09451179181769556;-0.08264410679022338;-0.16440686342172894;0.07867984564773518;0.3066248759112201;1.068817276435793;-0.23524592989986076;0.42817092535458695;0.3763718084924883;-0.017290386930240834;0.0363293333964082;-0.22815537291290436;0.1124679484044098;-0.08390205727479391;-0.17028261903048839;0.08113930319871325;0.19138588982299765;1.203053948390821;-0.1995239209097731;0.34231849889677546;0.30505089770644195;0.00020505663225079069;0.05081803098366346;-0.1654364061514196;0.07602508166142909;-0.06624805246725496;-0.14626425428804324;0.0620067208055501;48.29917176067113;26.31284789522377;6.205407612821789;19.96215605977915;81.34879985819458;63.57016064060162;21.509010225664255;119.4581260090873;36.541000389577256;33.962848580662424;119.54342434970633;32.11652887011755;40.17518314626287;112.41906955769241;38.26826036245813;60.41070636495523;21.368102277075295;12.271961120219272;7.340589028126794;0.9941689492613188;-0.37948470135972273;0.05394575267032252;-0.016224450633793033;-0.2989562603186593;0.3608943796386645;-0.056881604542344866;-0.1911927735300431;0.5216397326347862;-0.03332696603002956;-0.03404322736932789;0.4367460141866887;-0.02957623752921073;-0.5242850440926669;0.6526110575983431;-0.34394628085343315;-0.2743821468360569;0.8375675184868553;-0.05498420199014914;-0.08850833473709827;0.15351600247477168;0.053706564632892174;0.012676419984651337;-0.047724401255784116;0.06197630890433756;-0.2990350706271701;0.8901169738651847;-0.34390376469601114;-0.3248768453264195;0.8015604727193124;-0.029485217347058338;-0.0637189187914724;-0.08358611068103401;0.08780099278791922;0.04256342556366241;-0.1852568105871114;0.060007802515066266;-0.11005584371961899;1.0677375278659076;-0.3194931469441565;-0.3002430182279109;0.7205086927799754;0.015261573529515094;-0.07237910202134243;-0.13551033119324468;0.11009661874134839;0.033754793558528125;-0.21208310788473939;0.057975156270504896;0.04327179629867306;1.1847222897212364;-0.29209808158664297;-0.24425856161199763;0.5345825151951529;0.01878576054960937;-0.08064317466515662;-0.08637915352291574;0.07404711393924589;0.008601748471802879;-0.14208674995811596;0.04745676009258165;42.35286103761571;19.735696324134963;15.645896480515729;27.427979545008053;23.53468109590241;110.42240399248423;18.480183018711173;114.36134918299636;48.63181518944357;24.204288781135535;120.19989356488027;38.98687624096395;30.712790113504976;107.81417942911362;43.836403552384866;46.33092811172681;18.952542027452534;12.544852759123502;8.167258468717556
0.9956652781700762;0.3766585354134211;-0.14238659406074955;-0.05277668305087795;0.3239624443468515;0.1694015977490007;-0.0578294566597967;0.2593212105904859;0.3516215518660988;-0.0313611070547631;0.18593608285616245;0.31162198332489544;-0.008620409878632773;0.6192914563418997;0.5238053230622145;-0.2887169567154128;0.41858824755245466;0.5070363290445764;-0.026510074336238233;0.10772527157113759;-0.05457559063902702;0.0836628109394883;-0.03097119658391834;-0.13756552071185119;0.07917726001214186;0.4514267388819867;0.8508642330392793;-0.26878235871584577;0.45194297646578985;0.4331022611884865;-0.03905711458302383;0.05186806168715296;-0.20934213366785653;0.09618806998937372;-0.08039541134290616;-0.16459042549639732;0.08005768817504771;0.3061999428624028;1.0680311100811601;-0.23261750839721815;0.42546872397795277;0.3728260266355954;-0.01554075202539263;0.03881818485428944;-0.22377365799493404;0.11328654357161358;-0.08079211133654007;-0.16964251371950503;0.08181583654287133;0.19152933039434603;1.2005783484563564;-0.19563474068634992;0.33926123925225576;0.30346874620485464;0.0013880490014262525;0.05259878246125626;-0.1634538163801939;0.07643026275924213;-0.0638736406817246;-0.1456376924643443;0.06252282084605522;47.80740425451652;26.263297070985036;6.217274768284889;19.970786946751264;80.95196754880338;62.97393127555155;21.627163839596207;118.63688952651832;36.42239111849317;34.07834833576217;118.56282300690542;32.033670063033796;40.053112267891315;111.71416501933194;38.243387978166325;60.171859783177055;21.17037958055219;12.202717048136373;7.32594862024186;0.9943492480710616;-0.3793008423642358;0.05546164296081982;-0.016777205372201575;-0.30056793354023315;0.3610732487578891;-0.05742095084624401;-0.19270430613425013;0.5200285182852104;-0.033862111710414367;-0.03171110185982053;0.43682847030400757;-0.02988494981946277;-0.5270455146537938;0.6513415816876609;-0.3459336030945249;-0.27461627318804127;0.8384130826007602;-0.056145172975700396;-0.08551236701833964;0.1496208525738875;0.053360547415757416;0.014938088493231902;-0.05191698923888097;0.061844134277668446;-0.30015515428565104;0.888756953584516;-0.3464360847413671;-0.3251763779720743;0.8075763851843837;-0.03122266631643129;-0.06079506476289551;-0.08600404531548933;0.08767295525866645;0.04476820475580715;-0.18742547126263373;0.06015864274709841;-0.11033548902352787;1.0682473841808622;-0.32262338333839663;-0.3016194659245385;0.7234115918460758;0.013997751900319967;-0.06843511393048786;-0.13908104362762175;0.11109141384710616;0.03677735153304411;-0.21328330920184488;0.058908295834964715;0.04307099598424027;1.187348954109134;-0.2958893824047559;-0.24603598226663922;0.5367884006025672;0.019205346845857705;-0.07599459998084271;-0.09117984076698876;0.07577240877768793;0.013447062274523917;-0.14566541827200252;0.04851711059062126;41.98321786245755;19.666556725003886;16.15211827075963;27.585270652357938;23.790592340043517;112.81854514461222;18.493480314342012;116.04835212798865;47.54895805894856;24.235643095604885;121.63798014397422;38.03664158800407;30.844014605009598;110.24695109499253;42.75442623314294;45.94851944300935;19.031654105236353;12.609345355771437;8.1610664133626
0.9955771771588996;0.37556400356839953;-0.13752322467257944;-0.05214848156250673;0.3221994770030914;0.16911775092955905;-0.056907722860823996;0.2578020560188136;0.34987244137874884;-0.03011942694351911;0.1847947481916051;0.3097272477484197;-0.007219672962986795;0.6164370988474381;0.5274443967773904;-0.2881451781362499;0.4156906364742482;0.5037078866066402;-0.02367185956603898;0.10767712055840972;-0.05326655239770995;0.08662858745768769;-0.02978907074719649;-0.1396238803521722;0.08121637520316695;0.45012228400145055;0.8520067294541831;-0.2673470822921092;0.4485443980782128;0.429988714848279;-0.03708249017080919;0.05357017588670534;-0.2050053370258841;0.0978460097760518;-0.07817024961751946;-0.16477119461647985;0.08142045212001693;0.305777974503241;1.0672478737850934;-0.23001588835053258;0.4227931272181603;0.3693160996977076;-0.013809667413440124;0.04128033820246698;-0.21943745799994038;0.11409584553999703;-0.07771486737358217;-0.16900835982099627;0.08248474962714926;0.19167026797816392;1.1981229918194263;-0.19178597440489434;0.33623480390952964;0.30190189493691794;0.0025584382377939925;0.05436030521290988;-0.16149150382198033;0.07683074028986396;-0.06152418536378798;-0.1450170601321115;0.06303310714288783;47.313572799068176;26.21383408115546;6.230142323101546;19.988131388750602;80.55774473840026;62.413952199225086;21.745170722190934;117.79775586605903;36.318696425268634;34.1945343455108;117.56723634822548;31.959921545262503;39.93078470335164;111.00760927770209;38.21584837545183;59.928052909654305;20.974902449682922;12.134554460641933;7.31179862047485;0.9945295468808046;-0.3791120076989458;0.05698793847675585;-0.017333787429827063;-0.3021883452052596;0.36124993503190367;-0.05796363671430734;-0.1942248922238994;0.5184006745448153;-0.03440079328245857;-0.029361842497527123;0.43690731907650215;-0.03019560230244346;-0.5298208347158848;0.6500566791446009;-0.3479319380653026;-0.27484944716385296;0.83925668270959;-0.0573139814875083;-0.08249395753703831;0.14569615561336136;0.05301151997689494;0.017215933659677052;-0.05613933179276128;0.06171041091960811;-0.30128043301253554;0.887378569325896;-0.3489833454262613;-0.32547494382248227;0.8136279399077488;-0.03297235247730656;-0.057849527133494796;-0.0884386005705804;0.08754315037455819;0.046988463118262866;-0.18960797809072866;0.06030999271821987;-0.11061609082465208;1.0687506429590423;-0.3257731040617325;-0.3030029445442247;0.7263284791170339;0.012724675781881498;-0.06446200737881085;-0.14267618460255796;0.11209231875096151;0.03982136670223592;-0.21449011944213903;0.059847602295925194;0.042868332330811734;1.1899831502266618;-0.29970519502595777;-0.24782386201566386;0.5390050398561389;0.019627776149078277;-0.0713117497642271;-0.09601429295593959;0.0775094245274622;0.018327210851383783;-0.14926850919399912;0.04958464591324383;41.61163483687964;19.59543887921192;16.662838334793797;27.74347520250082;24.065088019900582;115.02436585592248;18.511178852292563;117.7401871535549;46.44890658901579;24.26749884378824;123.05716953465432;37.094260515769506;30.975600880830168;112.63548989899986;41.63188826527066;45.56462347595086;19.11076727006776;12.674382093027704;8.155005034671493
0.995527271386638;0.37448152197830564;-0.13309523061288245;-0.051216155788334695;0.32049272425096653;0.16893933461489483;-0.05603329817444947;0.25628992165054465;0.3480805067078106;-0.029037313471468644;0.18351811989747466;0.3080668760469424;-0.006059806255813095;0.6137448120444067;0.5308484117826163;-0.287713601564042;0.41311035725687556;0.5006390143553413;-0.021165580741965506;0.10738541301425839;-0.052390670821483847;0.0892197474334625;-0.028913754735391716;-0.14136401498641385;0.08296355820201329;0.44864668300641225;0.8531033488665418;-0.2663284250320181;0.44565095094341506;0.42719118304738685;-0.0353757610057761;0.05486021251011567;-0.2012714892766229;0.0992021424013113;-0.07627360120252501;-0.16495424220614294;0.08248482321521902;0.3049336714163633;1.0664516897400607;-0.22805030387257866;0.42042925990724866;0.36630348966090165;-0.012233825400060669;0.04314150787416165;-0.21576191824561264;0.11480950289954775;-0.07519405610145644;-0.16856807434971072;0.08300343979506217;0.19123824470066847;1.1954104460605715;-0.18875372559567585;0.33358382110426243;0.30080380493182046;0.003677128713771932;0.055695855814504105;-0.15994219707629873;0.07728975446629524;-0.059631497993907406;-0.14472540425489125;0.06350822346932822;46.88476596295804;26.145870629242964;6.273446111668308;20.00363334466926;80.34314827540894;61.86626955136854;21.880558413140545;117.08805386441826;36.20835671677879;34.31958156247872;116.74801578576123;31.87040848560178;39.825201237892465;110.47226791517762;38.13533237844703;59.72796398642975;20.800628160296654;12.074928744321529;7.298186541315086;0.9946466175426552;-0.3791753852540998;0.05845113053478392;-0.017522539449757447;-0.30339512165045684;0.36137362265527295;-0.058436817971502096;-0.19528896793713993;0.5168304934923004;-0.03488604842492537;-0.027692185371185493;0.43689981597304495;-0.030563933980319567;-0.5319828994341395;0.6489617883756374;-0.34983137774437106;-0.27473107501987815;0.8400460674399162;-0.058233338182000285;-0.0806491717647149;0.1436174286505277;0.05295492857267828;0.01846724576770943;-0.05902881300647752;0.06186867602222556;-0.3021251716825703;0.8861475647802542;-0.35137284196392066;-0.3255663199264204;0.8187334284114984;-0.03437023980718411;-0.05619300884171938;-0.08917775259596267;0.0876813974038297;0.0480241982595702;-0.19114093591575537;0.06074610838036661;-0.11078985887481563;1.0689860588844458;-0.3286340043723139;-0.3039583497497537;0.729242449243571;0.011743981705809663;-0.06213009730980103;-0.1442806825430855;0.11297642324838039;0.04148180206890925;-0.21532947495584706;0.0607733282506275;0.04285291393765316;1.1917237839185915;-0.3030535805052852;-0.24892891931807798;0.5412487378396038;0.0199085225493314;-0.06843879785201358;-0.09856440975900721;0.07884389026801397;0.02122782266177473;-0.15163329027244185;0.05054019454591772;41.29695700272762;19.534997260134627;17.03910675316254;27.898017646530775;24.256746418950165;116.2342614307787;18.548239935623958;118.5245805942544;45.91200611361973;24.292113629822513;123.77846035783922;36.58290250158509;31.052010606526586;113.94957583793351;40.978356038146934;45.25838073614421;19.171168285014677;12.726720721370585;8.155558783432102
0.9956903718843696;0.3734170203259797;-0.1308381688186767;-0.04856150847959521;0.31901368519224144;0.16933584361316337;-0.055375232653755165;0.2547433194945622;0.34596696671871907;-0.028778500343525467;0.18143391528373273;0.3076175526936406;-0.006166521741616531;0.6118182138237767;0.5331454247410192;-0.28803779071204283;0.4121525400385211;0.4988509399119233;-0.020357903256703676;0.10573937260777967;-0.053856115529192686;0.08988393037987988;-0.029683431296990904;-0.14144468796577314;0.08319524516149734;0.44616122168850353;0.8540218923721478;-0.26755704365708194;0.4453987293213015;0.4259978787419585;-0.035056695261362104;0.053948732161367335;-0.20066894070957583;0.09896843975163129;-0.07608947557625033;-0.16516275900727723;0.08196267997032362;0.3017258158192244;1.0655650194770359;-0.2294905445787053;0.4196683780456521;0.36588123723257937;-0.01143150430844372;0.04179011740651258;-0.21553885816121351;0.11503579024486786;-0.07560866591450054;-0.1691762066230686;0.08272338575830328;0.1876321009850965;1.191165467731204;-0.19006517988811444;0.33287009073274554;0.3022367663317818;0.004569195384714029;0.05475574148454115;-0.16059052635235296;0.07809658710754662;-0.06015757685969652;-0.14623351190212086;0.0638156031795708;46.82870621016441;25.974096741033613;6.483569222411813;19.966723982674836;81.11538208135867;61.20655552726645;22.11313056577338;117.1909769032486;35.98102430927077;34.490579766111026;116.98764664995277;31.644514038844754;39.8158477173435;110.89508986830324;37.77649917804425;59.79656398008336;20.733404580922524;12.057583585388434;7.285291609947847;0.994411079022738;-0.3806667103949768;0.05950552299501054;-0.015645237027263427;-0.30225268182967086;0.3612131971455471;-0.05850483287897245;-0.19376422257330847;0.5156708440112231;-0.03505452985434009;-0.029895349125163846;0.4364303613195653;-0.031241993827567274;-0.5306511387810217;0.6490058797787377;-0.3511183811088088;-0.27266254927699013;0.8405412228767096;-0.057722254370499035;-0.08545265086682784;0.15196363316265565;0.05454043336533579;0.01392228700470173;-0.05434362980858907;0.0636583977651588;-0.3013802303660724;0.8858337985514693;-0.35280084762988895;-0.3245098592345116;0.8183783395473612;-0.03374443606202272;-0.061822130314096384;-0.08039966599530594;0.08931913814943498;0.042389148997780866;-0.18898540641859857;0.06276210983587328;-0.11036394425476408;1.067764405057982;-0.3297797667487663;-0.3024937528446115;0.7320593074194124;0.012439925361082077;-0.069082786646924;-0.13468314844276144;0.11317682917437591;0.03533176512467384;-0.2140885401374774;0.06158906180978721;0.043888525456988736;1.1884500602831793;-0.3036661798684442;-0.24617906641051523;0.5435807483135054;0.019385798228363706;-0.07581683843572508;-0.08822826997533627;0.07787521068351066;0.01293093291944203;-0.1469781904709088;0.0508331157386307;41.3113812997371;19.54456254357801;16.64289908822557;28.02712348779984;23.91013607790829;112.67806958086236;18.670340472650345;114.16955957653185;48.64516925497954;24.27505614246913;120.63343789539437;38.497547905730784;30.82076718076759;109.41681271615856;43.12093018820429;45.39381179801738;19.127312542457993;12.705469513378443;8.192296362908891
0.9958534723821012;0.372354188750136;-0.128590247858221;-0.04591850456053354;0.3175386595820093;0.16972911731555357;-0.05471968625046903;0.25320158213832933;0.3438600930993255;-0.02852061866194073;0.1793576378699787;0.3071676633733192;-0.006272700381764406;0.609895180580038;0.5354274896963239;-0.28835806724205176;0.41119558024386377;0.4970667585450646;-0.019553720973715865;0.10409991102265365;-0.055314449297815954;0.09054433568864227;-0.030449361233295037;-0.14152379618473876;0.08342517513275713;0.44368326672860486;0.8549290288505251;-0.2687778161488252;0.4451438793050251;0.42480638390684927;-0.034738781378941534;0.05304093378117404;-0.20006742812217096;0.09873495982083186;-0.07590554138516796;-0.16536892954847937;0.08144221334734801;0.29852997075686877;1.0646733473734122;-0.23092230069585049;0.4189073956384051;0.3654578022551758;-0.010632729726463517;0.04044450956986415;-0.21531498479846586;0.1152600753456278;-0.07602075235981416;-0.16978014396507832;0.08244390256341237;0.18404074312790916;1.1869296735671304;-0.19136906845501492;0.3321567811171064;0.30366065983965174;0.005457172438969964;0.05381943231338701;-0.1612345509052899;0.07889909420524623;-0.0606807570860526;-0.14773353218830257;0.06412104637675914;46.77277132836791;25.802022523848283;6.697423766930668;19.93322590543832;81.88627751472947;60.545859890185056;22.344916422138557;117.29443105963955;35.75409553984032;34.661700514799094;117.22597697366153;31.420117119712028;39.809154412928784;111.31144145131239;37.42350707751976;59.86526280752367;20.66670178843176;12.040551017340933;7.272814979983679;0.9941755405028206;-0.38214999501802166;0.06055479114375716;-0.013776733141609543;-0.3011148137465575;0.36105256135358427;-0.0585723710804824;-0.19224613930872111;0.5145152767152232;-0.0352221241696477;-0.03208805807827051;0.435961950526165;-0.031916777108735625;-0.5293242307468555;0.6490480283714724;-0.35239838512319005;-0.2706030353958884;0.8410317993184491;-0.0572134229671062;-0.09023328153912809;0.1602701284466231;0.05611832607109224;0.009398693590160318;-0.049680364216746827;0.06543952136962115;-0.3006379912678699;0.8855191415097574;-0.3542211854565486;-0.32345750589101124;0.8180227348106018;-0.033121489057261984;-0.06742457851979736;-0.07166270114387757;0.09094892784063985;0.03678052229808984;-0.18683952220979683;0.0647684499801185;-0.10993974023165902;1.0665456493240466;-0.33091925194103433;-0.30103524409586085;0.7348609435549482;0.013132558503166848;-0.0760025505193155;-0.1251304498027122;0.11337598878370223;0.029210594728955593;-0.2128528765929547;0.062400789350602025;0.04491914285934548;1.185188575434817;-0.30427508257152747;-0.24344150459453123;0.545900323849154;0.018865483627835924;-0.0831599325378263;-0.07794056800629091;0.07691088448098665;0.004673079316421469;-0.14234461894279996;0.051124521634941994;41.32872657304014;19.554337378712237;16.247873656719573;28.15566551910333;23.608583686457717;108.85032745529826;18.791990914550404;109.73374438821638;51.43747137720576;24.26024470609582;117.35775165832942;40.52701484485708;30.59281216628329;104.69041317508044;45.288468795699146;45.53102655751241;19.08357800079237;12.684300646711986;8.228995008215657
0.9959083107219064;0.37197944140596;-0.12703431298420523;-0.04488944149771296;0.31695627688913725;0.17027459644188822;-0.05452891449299112;0.2524926613648202;0.34310925523574565;-0.028420962539270775;0.1784183580296811;0.3071242708851587;-0.006332750515657215;0.6087056122958198;0.5363415815592043;-0.28953568677474184;0.41093860317133507;0.4977550588571099;-0.01941294554698731;0.10342568458964443;-0.05596319629314842;0.09092632888953894;-0.030773350850835123;-0.14185084460585398;0.0836277113368179;0.44219754055677707;0.8552631505146665;-0.2701597277487236;0.4452837189553995;0.42571007307283576;-0.034755286577539325;0.05275697999455341;-0.1993396724951159;0.0987744485619737;-0.07569410513231956;-0.1656730105796106;0.08127925041092823;0.29675997929186404;1.0646027399335383;-0.23213520675391883;0.4186321572717525;0.3660469996139827;-0.010303353022062672;0.039655420322398285;-0.21488430666838873;0.1154458217391003;-0.07624682910982067;-0.170039108231108;0.08232606438307016;0.18207207592042635;1.1856421444822913;-0.1922575430681152;0.33186470363830717;0.30451261470061347;0.005852234027905422;0.053144686055641176;-0.16150146000277596;0.07930230587264761;-0.061065376329515086;-0.14855201236267135;0.0642578800845787;46.71101703180694;25.698172337854665;6.791377033720204;19.995812266857065;82.28856975200858;60.241492235782395;22.418777773083136;117.34475495923557;35.64417721683429;34.712491092023384;117.39518924843401;31.301850000411523;39.81256947667958;111.57801948207383;37.225548738285866;59.82674833544609;20.642044608038056;12.042003799512353;7.272947189140019;0.9941046761922312;-0.38277589286378844;0.06102215026160758;-0.01175725671437742;-0.2995886205678968;0.3608492754547001;-0.05798789052177919;-0.19106095083439045;0.513480204988013;-0.034777526040553175;-0.03422282587336856;0.435334601558117;-0.03171351209937017;-0.5279069803911335;0.6499752851838273;-0.3519384327917338;-0.26987965705261896;0.8393696170163418;-0.05618361863087987;-0.09278380298719942;0.16512950233417067;0.05762955047503492;0.007326565494680358;-0.0459647738739939;0.06685233967617595;-0.2998792314771979;0.8859115095117375;-0.3538830934691282;-0.32278556275270087;0.8163714826919984;-0.032422358997163614;-0.07050668570768395;-0.06648401257502257;0.09225653736146291;0.033766783380118404;-0.18417978033485677;0.06622323237864391;-0.10962709237304279;1.0661303518792722;-0.3303625494243888;-0.3000100872160492;0.7356879799204159;0.013915806224208807;-0.07978075320168533;-0.11970837608522494;0.11380929981946492;0.02601530881543636;-0.2109932330437081;0.06313852498146394;0.045392352931901525;1.1831837764764472;-0.30323909737431465;-0.2416425898713144;0.5465146861078056;0.019279556909664874;-0.08732607122311055;-0.07203291155233042;0.07679918328288084;9.38667345097192e-05;-0.13892492418198035;0.05159191132546305;41.4415269164369;19.504849256862048;15.886363387397635;28.109448870320918;23.499949996571857;105.89600175431757;18.8195720676516;107.07296007114412;53.05223306600864;24.23744577344984;115.41180256923259;41.71085108253129;30.472631281460576;101.84302021502799;46.47403806087822;45.729802285125686;19.027756472801478;12.651790570253073;8.2420120482174
0.9957106564967438;0.37321081153032815;-0.12707392136732623;-0.04761426886459928;0.31845390250908223;0.17118524597208598;-0.05542119705222221;0.2537214634748441;0.34551817668454987;-0.028689669936059987;0.18012267233174858;0.30803337146521453;-0.0062860373594074885;0.6092200448782605;0.5340822864301813;-0.2927348945484915;0.41231767939180025;0.5042313280849318;-0.020819117199969008;0.10499674338560773;-0.054731815956363526;0.0906649326602793;-0.030070595183440234;-0.14276313295825382;0.08377024255722554;0.44301349685195524;0.8542759224857375;-0.27194059988928654;0.4463529070810163;0.43152298170175324;-0.03555314830865452;0.05392609348282903;-0.1983098641353932;0.09945303650208956;-0.07541657418825011;-0.16621211474506517;0.08194968190318726;0.29829799205474694;1.0664623174773389;-0.23285718486946874;0.4194927139511621;0.3690131856803101;-0.011065302407252469;0.040155066299517914;-0.21396783859042762;0.1155457478906929;-0.07604285934338921;-0.16949868081452868;0.08258505459859776;0.18386658999495287;1.191235261215819;-0.19219120584232766;0.3325564122563128;0.30404539631038524;0.005102200049720698;0.05307190822371781;-0.16089393916809436;0.07878007815266158;-0.06113269869384538;-0.14779288233714943;0.06400388731863482;46.63578911414457;25.753957999416755;6.600340344545346;20.279762636341474;81.83249326589142;60.76999010364351;22.129512234056456;117.26526715954866;35.808570728174004;34.48257100226476;117.40404733573342;31.429071581567307;39.8350700441715;111.5072505495913;37.379431999055846;59.5364675792353;20.715103545703602;12.086693834157657;7.302039539016709;0.9944178704880258;-0.381415290833028;0.06014365753435811;-0.009373979740020895;-0.2971489749725294;0.3605419626729235;-0.05588792190306495;-0.1906370164488548;0.5127118414297965;-0.03291092953070517;-0.03623760053154969;0.43433006920599704;-0.02947388833059471;-0.5262651090968999;0.6529530355943476;-0.3474397558645842;-0.27224459673078216;0.8326987783856973;-0.05393895541127097;-0.09018317104500531;0.16203269784497756;0.058996038985832784;0.010920744844097708;-0.044419207584443836;0.0674206910612221;-0.2990738283590204;0.8879355602189847;-0.34946428442585814;-0.32298710616309523;0.8116980075339618;-0.031541562911287194;-0.06776898639526156;-0.0695144427798046;0.09282557321964952;0.036744961553861984;-0.18030914755405444;0.06640920576575253;-0.10956964641336817;1.0675627592619727;-0.32586810828850576;-0.29997891382685915;0.731937345767545;0.014914248980366869;-0.07630431806472059;-0.12381945003070785;0.11478696114152392;0.02957776983300875;-0.20767272145809126;0.06370919532864487;0.04457669186606842;1.1840647834018794;-0.2983812478150114;-0.2420038515987223;0.5431761424574975;0.021861447360544867;-0.08415813494003398;-0.07623354002243761;0.07866162702445496;0.004007492780259979;-0.13829314893530018;0.05246975351322454;41.77170968558537;19.315840464395926;15.600632300986998;27.65725222053977;23.787510814426742;105.37911334535565;18.631492791736928;108.6066190248654;51.91507399048108;24.193486621998797;116.77052713208364;40.75406707879347;30.598532227017085;103.5954878630598;45.47512154902949;46.06867507010492;18.943304775057218;12.592685982799324;8.199916626110976
0.9955130022715812;0.3744494775517763;-0.12711320456757838;-0.050359027397545525;0.31996106064671886;0.1721018011174081;-0.05631981256131515;0.2549581238490566;0.34794324226210144;-0.02896022609147982;0.1818387216239553;0.3089477003708146;-0.006238947956678136;0.6097353199631803;0.5318036747052207;-0.2959563511256869;0.41370495421357584;0.5107530662731625;-0.022235592768690467;0.10657891664609721;-0.053491057513020995;0.0904011610586604;-0.029362493047038234;-0.14368147733892583;0.08391342088201398;0.4438333354962512;0.8532772328547285;-0.27373332678731244;0.44742783514070467;0.4373768043985991;-0.036356740973415756;0.0551035956536166;-0.19727147066382317;0.10013616188704762;-0.07513662267035341;-0.1667543994080418;0.08262467564695744;0.2998459342545582;1.0683304664663043;-0.2335833724316077;0.4203575974471585;0.37199952513740314;-0.011832836130895431;0.04065821412087616;-0.21304354789851196;0.11564585128092997;-0.07583701028461437;-0.1689534297243581;0.0828455594434372;0.1856734882925721;1.196863969286255;-0.19212344264586984;0.3332516212548201;0.3035732413389495;0.0043465912410041024;0.05299833364087841;-0.16028114005643013;0.07825360281780508;-0.061200221783490646;-0.1470274159187903;0.0637477036815482;46.56118620376684;25.809639060243434;6.411873015531506;20.56963495485705;81.37344019185788;61.29928120102152;21.845914495445808;117.1783078541989;35.97643922104183;34.25288341455852;117.41015630611325;31.55783269502702;39.85872901449274;111.43527756104858;37.53599493764205;59.24387967613384;20.789227295155932;12.13253733515894;7.331721092739198;0.9947310647838205;-0.38005063862595273;0.0592670415576724;-0.006999505751488177;-0.2947114008809343;0.3602271130019578;-0.05379456038885204;-0.19021008741657552;0.5119340153031567;-0.03105061049551261;-0.038243867530649484;0.43331886065977954;-0.02724203822471857;-0.5246167574913422;0.6559037464976794;-0.3429497375309058;-0.2745940064330823;0.8260331167032751;-0.05170149451742109;-0.0875902153388726;0.1589437153909193;0.060355926673072664;0.014501043834172746;-0.04287842478799006;0.06798526210473493;-0.2982642588477776;0.889930513610173;-0.3450537825318246;-0.32318009117944685;0.8070226489949309;-0.030663342573121963;-0.06504002354266981;-0.07253171435354046;0.09339021303257514;0.03971096990171053;-0.1764488274356057;0.06659287188817908;-0.10950977378482936;1.0689639757652734;-0.3213828302994092;-0.2999406189775514;0.7281832568949107;0.015908549131400815;-0.07283921215248322;-0.12791196067607385;0.115758148305105;0.033126020397729675;-0.2043597779809789;0.06427616612038979;0.04376304519509192;1.184913876857571;-0.29353460155714395;-0.24235790424314582;0.5398371383354869;0.024433028541965034;-0.08100016957129623;-0.08041641432675886;0.08051511638010708;0.007906195061725713;-0.13766042970617978;0.05334300365117537;42.102443395085814;19.125466680654192;15.314962972748694;27.205903538985456;24.11216170193784;104.76910148145066;18.447867355967176;110.11847596566498;50.81341438328095;24.15234681428069;118.09005306968355;39.84377735048882;30.72632185780837;105.28889036675598;44.518745878022024;46.40730357535582;18.858558398935475;12.533613065549098;8.157887915552987
0.9953791626488184;0.3752220757083659;-0.1272515041348881;-0.05162714770206666;0.3207965591687566;0.17224932884936076;-0.05676022032060241;0.25569226467213607;0.34994985979861426;-0.02930512014157071;0.18288983517132537;0.30995121831290007;-0.006400702941534581;0.6105623905779702;0.5307140667183282;-0.29590056522550034;0.4142813400817537;0.5141431530037488;-0.0234409904229126;0.10719326704606741;-0.05212597292008808;0.08953592811195754;-0.029345867584171945;-0.14324673487786754;0.08350447014927952;0.4449185045973667;0.8528163748085251;-0.2734076720307756;0.44740618179805364;0.4408838210854416;-0.03714884110530576;0.05534617633942309;-0.19707163881784118;0.0999776846210263;-0.07539146354951874;-0.1667435692610329;0.08272037303121198;0.30123971741522215;1.0691763364472846;-0.2333916688672763;0.420391570421927;0.37481694244114355;-0.012810271445330507;0.04072660645185551;-0.21298726993670566;0.11535049327995112;-0.07604006146876244;-0.16864386612059418;0.08291835895446305;0.18697657329747178;1.1995458528371399;-0.19222968967581214;0.33309180220946794;0.30487486701969346;0.0036200644986910013;0.05278747685232841;-0.16003098032959057;0.07784643267268304;-0.06152648065721803;-0.1468606350065865;0.06358823840782026;46.48642711150017;25.92908102077853;6.287669512281554;20.596566088084067;80.9404673672341;61.966674153832095;21.55905134372651;117.34198792929332;36.1141487706206;33.96091122451048;117.63755369086614;31.651599250803038;39.66045598190296;111.64976623703367;37.6329406137048;59.08296313586225;20.818786159487743;12.145841106465351;7.344310682822851;0.9949110682447356;-0.37952399153848765;0.0588904862356264;-0.006796762054575016;-0.2933942463532921;0.36027679884904756;-0.05308887783933866;-0.19016778477434998;0.5109292833716742;-0.03038623203516119;-0.03822123693234964;0.4322858406772491;-0.026174202929274547;-0.5230807751336112;0.6582543075282936;-0.34088627072241157;-0.27638937504534994;0.8231203186245813;-0.0507316233004002;-0.08648134758464525;0.15394554673457503;0.060962356217342806;0.016516434764687046;-0.04506658712491858;0.06813914504814558;-0.2971025647169577;0.8912096478375695;-0.34274688859250246;-0.32345149128478407;0.8038963420404805;-0.030446711151198784;-0.06341209686493843;-0.07757640967087291;0.09347044322472524;0.041914937996740224;-0.17600891366355848;0.06641327531653828;-0.10884402109571542;1.0691804032498335;-0.318903859238092;-0.2999421747139007;0.7247280435373021;0.0162802969264505;-0.0705708986863043;-0.13245791206435936;0.11622517783062143;0.03548742266290168;-0.20349841550414224;0.0643795585497122;0.043494050984679726;1.1843858352256906;-0.2908783314291927;-0.24304851904877864;0.5367210851527087;0.025601643414146898;-0.07848296426725747;-0.08454405806379967;0.08140664224445522;0.011128900741459943;-0.13839046644007003;0.053578691103528725;42.27028723480983;18.966442656956936;15.338760162660718;26.904508270893142;24.769685790867822;105.69684459298934;18.349847392709663;112.09975539593184;49.35067462098307;24.17630987052007;119.32538525329149;38.9691939510196;30.88151402169704;106.90853581090128;43.70847914828935;46.56540902453736;18.793227617736026;12.487152045714875;8.115018945307568
0.9953482106934312;0.37522938130550065;-0.12754852829712562;-0.05048732598949299;0.3205328783436368;0.17114685923172895;-0.05645278989369294;0.255602930414248;0.35125707114745736;-0.029767265108602673;0.18285136350191486;0.31108852924624203;-0.006899769657429795;0.611884565928259;0.5315611131869921;-0.29052645190260507;0.4135345904054071;0.5124179103895041;-0.02429255636082307;0.10623104822903533;-0.05057163183618973;0.08770243382378774;-0.03045117671264937;-0.140619927644256;0.08220307671951853;0.4464218166655938;0.8532281538760479;-0.26964658172923744;0.4456032627628249;0.44054820651302906;-0.03791472273409177;0.05406929773587162;-0.19823325134071262;0.09845467291147471;-0.07651125450469236;-0.16583456608158587;0.0818748477150472;0.3023688645261224;1.068350277022166;-0.23171128975476435;0.4190749487124941;0.37733212744325684;-0.014119097073187807;0.04008876111831449;-0.21433880253235493;0.11441566791352963;-0.07690428107967723;-0.16871874412472534;0.08268550837626099;0.1874491261098766;1.1974154401181913;-0.19261631102681126;0.331544504050022;0.3090407978542773;0.0029474787335061464;0.052355578245391235;-0.16037073244073238;0.07763624013782676;-0.06226918917593121;-0.14766604201359337;0.06358686592265886;46.41030299225077;26.151994598735982;6.263601666498573;20.192789414776264;80.54391877736248;62.8772364843313;21.259682600720392;117.91898570853705;36.20269918115393;33.56869076688239;118.2238187188473;31.688545480538785;39.105414984467124;112.32533209626119;37.62906210203487;59.13700821713298;20.77527010570576;12.106110512287497;7.329691920755108;0.9948763294084144;-0.38035094482097553;0.05931671527104071;-0.010077885189736391;-0.29387887887012487;0.3609217126756622;-0.054608873242158004;-0.19074783299650983;0.5095718446001302;-0.03163939348080018;-0.034944469887530985;0.4312268476483702;-0.026971303343419344;-0.5217350975192048;0.6596680144447827;-0.3427191495699772;-0.27730930153472305;0.8262428043856037;-0.05179386555775258;-0.0877525199390671;0.14587300719656693;0.06036356995095888;0.01602787695595841;-0.053245572359792666;0.06763653650327223;-0.2953807099001291;0.8913695985662796;-0.34381750242052134;-0.3238587199486019;0.8032683246975112;-0.03129171325574318;-0.06354736537509036;-0.08589188488764392;0.0927763911754381;0.04290438341961864;-0.1810602885781636;0.06565218312433468;-0.10720719986268606;1.0675269533289937;-0.31964507207392373;-0.3000161749397692;0.7217620716396612;0.01565485163286923;-0.07021760887687414;-0.13774935024222085;0.11588809779860929;0.03595305391487995;-0.20657342477585136;0.0637413380380466;0.04409928420915849;1.1816802525776975;-0.2917362148378037;-0.24428816493559657;0.5339681923927447;0.02452373390562811;-0.0769881331172411;-0.08859841167221155;0.08075990007681312;0.013277448653707578;-0.14131310874485928;0.05279373440674033;42.17579165585626;18.859563549384365;15.862373436060325;26.84419225198871;25.999745005026487;108.77775998527652;18.384473978092906;114.73686464783279;47.3522403193026;24.301941819351907;120.44396602196649;38.11224210388751;31.07932571877839;108.46530582339936;43.070051645182346;46.435000370211014;18.759783866744858;12.461102983842613;8.070700754400264
0.995317258738044;0.3752304663935687;-0.12784357846072972;-0.0493461231785409;0.32026375501826626;0.1700410249312003;-0.05614427644080798;0.255509313817635;0.35255907963122;-0.030229136748506035;0.1828098404961394;0.31222122256017487;-0.00739895996366231;0.6131972224781915;0.5323997465736242;-0.2851449562972271;0.4127806251860388;0.5106833453296596;-0.025144125522198038;0.10526660839361128;-0.049015710543758216;0.0858666102854905;-0.03155650793745155;-0.1379895350255288;0.0808996990525668;0.4479184408883428;0.8536259767077367;-0.26587922484075155;0.44379209249889023;0.44020512441572746;-0.03868034076462631;0.052790913247653566;-0.19939212978490986;0.0969293016922959;-0.07763031045718552;-0.16492237861211798;0.08102756103979555;0.3034935347583079;1.0675061026867445;-0.23002626572350612;0.4177507477514367;0.3798422532315845;-0.015428312770858262;0.039449946594961136;-0.21568742448928147;0.11347849883478803;-0.07776763726980267;-0.168790859276624;0.08245117521759014;0.18791879506348655;1.1952641495305945;-0.19299992182363088;0.32999096849644205;0.3132035895850605;0.0022745232772663155;0.051922605206502034;-0.1607079865055466;0.07742465958269555;-0.0630112190719211;-0.14846938381081373;0.06358443805670354;46.33377518153912;26.375670944159666;6.239623719787962;19.79000168390733;80.13361123117437;63.81959272981677;20.96074807314583;118.4950842683162;36.297056374096485;33.177181437866885;118.80779739235422;31.727817613580438;38.55414054615541;112.99740695468925;37.623562050789495;59.190563692927064;20.732014134746972;12.067760475965883;7.316693519952915;0.9948415905720936;-0.38117416117887504;0.05974158156389919;-0.013350357796126063;-0.2943610289351952;0.36156344726704687;-0.056124655478083756;-0.19132557334786784;0.5082158678767983;-0.032889136519497875;-0.03167615643564856;0.4301688564124789;-0.027766201196703966;-0.5203908009776606;0.661075294038983;-0.3445458072022436;-0.2782256717207262;0.8293536929928355;-0.05285310729877417;-0.08901999542573857;0.13782104732968556;0.05976610606186287;0.015540534984368089;-0.0614028782000288;0.06713496801784098;-0.2936621558208286;0.8915254568920546;-0.34488389053720186;-0.32426354572631794;0.802638645425847;-0.032134369313608704;-0.0636820171327462;-0.09418518807449422;0.09208377791055194;0.043891055957837086;-0.18609766367916236;0.06489281737664232;-0.10557423159057112;1.0658734431784407;-0.3203830230781747;-0.3000887448425075;0.7188009079656082;0.015030982878534221;-0.0698649567098335;-0.14302633718369606;0.115551424700954;0.036417315306508644;-0.2096395146962191;0.06310452945369509;0.044702747720852365;1.1789768999361796;-0.292590645288118;-0.2455235516974111;0.5312203225498736;0.023448551568509907;-0.07549690688693628;-0.09264176242180173;0.08011452207373469;0.015420304502707226;-0.14422750037160054;0.052010619750979536;42.0826792149969;18.752433427058584;16.38741482777768;26.78471634435185;27.360204569105644;111.22055590593136;18.41989937598081;117.18650157591328;45.49409769244801;24.428118956439477;121.51602256384771;37.28871921581132;31.27841837444614;109.98369642736856;42.42955018636517;46.307704456611816;18.7266535346593;12.43523531259894;8.026376300883472
0.995281120554576;0.37504621859041365;-0.12779684111787082;-0.04844907519230374;0.32039944664043934;0.16976463275598463;-0.05578150437162626;0.2555227328521564;0.35326381382673605;-0.030328176495958255;0.1820894066919497;0.31332980996100623;-0.007573968131406246;0.6137183513892753;0.5332484557554394;-0.2819156379240625;0.4126215143963785;0.5094016243190398;-0.025685612008970297;0.10498991657243908;-0.04803660380811573;0.08465724078207819;-0.031835158006808216;-0.13650052759576703;0.08006031266967979;0.44864897820753324;0.8539434824370985;-0.2636183285671488;0.44322963582781705;0.4395151190524026;-0.03917325007960907;0.05184805992588824;-0.20000968367969055;0.0959903216298709;-0.07838191555934344;-0.164404124442949;0.08056143667343107;0.3040012423418729;1.0670500470974116;-0.2289698006761861;0.4173061652186853;0.3808800144925246;-0.016277030765833686;0.038861803015298645;-0.21646786031506443;0.11281555820252828;-0.07837531640077178;-0.16886158776760074;0.08232793253322519;0.18798729977204942;1.1941585769165992;-0.1930806920054834;0.32945245950790486;0.31541109122487015;0.0017953157429396122;0.05160907625332575;-0.16075954896293587;0.07726130162372022;-0.06352900918223141;-0.14876817814251547;0.06362144728638079;46.301012174815035;26.46475093156124;6.351483648496085;19.51469654360841;79.77285588754802;64.3810652951326;20.84228787516781;118.81899455811639;36.334186468464196;33.004198472642265;119.15701162389666;31.727155583525473;38.2905948012457;113.34867187508894;37.65541900056585;59.238696343389876;20.68762870501487;12.044363470404413;7.313964047456662;0.9946925338349876;-0.38047069866773947;0.05824710074850271;-0.017176585586657807;-0.2923494683373825;0.3592100611071843;-0.0565118056430565;-0.18951532379141087;0.5044796804832936;-0.03258804315419148;-0.03273843393976958;0.4281577442547968;-0.026582010192332844;-0.5148183954399228;0.6675458592591886;-0.34273051304451707;-0.2763437334081794;0.8235385831905456;-0.04993072105583387;-0.09216494041456326;0.12353264301757669;0.062474792059310356;0.01456213538720199;-0.07327530901877492;0.06873621060145765;-0.28914507964811;0.894681234301726;-0.3405005314292891;-0.3239195121915716;0.7894023291930392;-0.029794263228953757;-0.06499822768091505;-0.10426574776682222;0.09268702474011661;0.04394322355845463;-0.1881042691518023;0.06501001868400948;-0.10322807884244342;1.0637439771113455;-0.3139041956080842;-0.29982518004875636;0.7059645813306332;0.0162190948462506;-0.07075881705320339;-0.14736841741461823;0.11487508395890436;0.03611336152434697;-0.2089590981365703;0.06225386817493108;0.04450116105028468;1.17193601260931;-0.28434553345563435;-0.2461694097347387;0.5224076691650642;0.02333357586707082;-0.07545657456044258;-0.09516242405744375;0.07915716237308025;0.015970579491298518;-0.14374744702489545;0.051174501293872146;42.22238784709848;18.799338545865997;16.18664159554439;26.415599143049622;30.962427820533236;111.17949362085982;18.41665722548725;119.15414530310957;43.42452791721044;24.624226768617554;121.88194317179034;36.73075180927419;31.508855051427254;110.4624717920617;42.01116005271624;46.65850680606548;18.537047847897302;12.269457395127077;7.940782831743011
0.995232754069965;0.37443777856143046;-0.12694935563368095;-0.0481308041360273;0.3214981630992367;0.17144754822009414;-0.05529363605272934;0.25579620466633424;0.3525713133223048;-0.02957347631550298;0.17977775203984178;0.314388642407287;-0.006985344694759139;0.6123934450871027;0.5341354769349627;-0.2837716231411225;0.4138766056665318;0.5092055885193364;-0.02549630333708487;0.10633682019501164;-0.04841985732583988;0.08492886670820127;-0.030167329418794925;-0.13770747931544353;0.08031824611754508;0.4475876712331572;0.854097862366015;-0.2649190783274823;0.4456231579273863;0.4380237055264121;-0.039023924593364484;0.05169939114650936;-0.19935716835892134;0.09643765787654683;-0.07826874702180184;-0.16482003888818403;0.08099663942121273;0.3030643062315858;1.0675426634834229;-0.22940343100046087;0.4189472569042643;0.37845979156375115;-0.01603965846866705;0.03839570767944934;-0.2159150712466102;0.11280363974223902;-0.07838180736549244;-0.168934174693784;0.08246919975046652;0.18711682548403177;1.1955559203799198;-0.1924541560813991;0.3313159799849003;0.3130183151342455;0.0017736486930637729;0.05157925009446441;-0.16014324909793615;0.07721434804608242;-0.06351940647688034;-0.1478827144355985;0.06375323175775108;46.37100662685643;26.236192324348295;6.787645858662997;19.53968261066874;79.55949038720036;63.979743057373;21.147858890253232;118.55120813780825;36.22537389564767;33.34478130257342;118.95776651086359;31.627686095572667;38.69776979139211;112.95080204800689;37.77900499299225;59.27503071827589;20.640158069555365;12.053553929599733;7.332322304039844;0.994273933665724;-0.37621176179019616;0.052432683908811416;-0.022130886563510328;-0.2846600541597529;0.35003267616741557;-0.0543116197755115;-0.18229238299780465;0.49531156283496375;-0.028772177214865937;-0.04356992685954478;0.4239174911101266;-0.020942513724994612;-0.4996817700283839;0.6850768838580551;-0.3326135581775674;-0.2680945902865416;0.7974255295421012;-0.03806316773344687;-0.09943577893736817;0.09552737187457458;0.07256983101230209;0.012497512513389913;-0.09316674006919606;0.07503023271594146;-0.27833993523215494;0.9042564063507326;-0.3238012230190287;-0.32178872694874855;0.7477738212688844;-0.020307006604572485;-0.06892986968297223;-0.11804397543020133;0.09617871623205856;0.041862483467951545;-0.1831209926395511;0.06708957759470432;-0.09930817830732398;1.0602726809299063;-0.29118008721429983;-0.2987150372939659;0.6709388344097507;0.021470408363173786;-0.07442690136596625;-0.14940840752879161;0.11341478371501165;0.034067045713491166;-0.1997457045950498;0.060926241751955566;0.04246788767168517;1.1549251411648906;-0.25565403732986103;-0.2453823372020838;0.4999693387913315;0.02539081412550181;-0.07868177053686737;-0.0941231080947335;0.07749860500731752;0.012889647458123727;-0.13554611378837977;0.05022888542196596;42.90653657684747;19.206497157046286;14.321161806387918;25.399841856788587;40.30460099876819;104.51708619732106;18.482872775359994;119.99461702617697;40.94202159054098;25.06199070495995;120.64412099288919;36.73998193882893;31.8546687701483;108.58511060998109;42.054132390529865;48.14072902732827;18.000131958797276;11.797415456391288;7.767399372421179
0.995184387585354;0.37382979811519984;-0.12610362760596475;-0.047813191798976085;0.3225932247711161;0.17312577450994443;-0.054806829804696956;0.2560682690903271;0.3518795442886917;-0.028820577546437038;0.17747136257606225;0.315443939822773;-0.006398171788661742;0.611070114238042;0.5350187700307638;-0.2856221688294066;0.4151273899735474;0.5090086005697124;-0.02530739534203238;0.10768005832201784;-0.04880201642137797;0.08519957366844418;-0.028503581444227825;-0.13891102629585603;0.08057530785671745;0.44652774792296246;0.8542494382814039;-0.26621582885086587;0.44800943951139416;0.4365347770989075;-0.03887486160715531;0.051550947336013606;-0.1987057184590639;0.09688360366704103;-0.07815563954632256;-0.1652344477393025;0.08143052574229645;0.3021288523423448;1.068031026610181;-0.22983532860964062;0.42058306308704907;0.37604454244238167;-0.015802833682052625;0.037930667874947435;-0.2153630516110751;0.11279143164756766;-0.07838806017727584;-0.1690061019669458;0.08260988058659288;0.18624799571060155;1.196946388214416;-0.1918286402308419;0.33317390748837905;0.31063062959071563;0.0017520307427262968;0.051549352390274576;-0.15952803522686704;0.07716729311914644;-0.06350964790173987;-0.1469990437770032;0.06388450652930198;46.43909885624186;26.009509420311467;7.2292736350494655;19.56766348983913;79.3488529844506;63.5811056455422;21.452598817766077;118.2847323894106;36.11739816245693;33.6850208270357;118.75913142298778;31.528108249053833;39.1048434599783;112.55323063718417;37.90327369488256;59.31135009300102;20.592882813082195;12.0629344123584;7.350927494410949;0.9938553334964604;-0.3720217797342701;0.04691870967618632;-0.0267993034880851;-0.2772716472793061;0.34120994378871516;-0.052209701791013446;-0.17539025697492047;0.4864325929193058;-0.025156006899717948;-0.05377855063553448;0.41972381146587373;-0.015607802467803612;-0.48516481885158647;0.70132486583021;-0.32291138772835665;-0.26018504504117806;0.7724104108779556;-0.02683968081123482;-0.10625710714006197;0.06903942834924787;0.08207005297404617;0.010542310842734893;-0.11190842294499835;0.08094007650408314;-0.26801219007972504;0.9128936771238249;-0.3078873174328735;-0.3196326912206631;0.7081297626423653;-0.011339162650480865;-0.07261166092795686;-0.1310018682823697;0.09943287542210615;0.03987892637496362;-0.17833339758099273;0.06902328104572002;-0.09556221539794334;1.0565204577002731;-0.2695915915460408;-0.29753310989336595;0.6375640947576767;0.02641958791523277;-0.07785735763153598;-0.1512679221632337;0.11198509629772684;0.032119482448385445;-0.1909561983937916;0.05964531748677231;0.04052888229228326;1.1383452361900521;-0.228446465101254;-0.24452934076339322;0.47855730249882206;0.027322093706958987;-0.0816921066268235;-0.09309958350046434;0.07589777119817831;0.009974575689392032;-0.12774100893729312;0.049313476763885825;43.586543274423;19.608280778869457;12.532579662951342;24.51189327418673;50.22292842770395;96.04869386774321;18.788601867408666;120.39840699984558;38.90224573546164;25.613496137762716;119.36439869402567;36.75524504203086;32.2655389232939;106.73172903414661;42.00164433093751;49.626799017108766;17.496603628916247;11.360916952902551;7.609059941452566
0.9952380782316534;0.3737418590316104;-0.1258667335594735;-0.04763221713603985;0.32345746581613194;0.17308847436553676;-0.05472085236478238;0.25628417284883576;0.3503888104880693;-0.028670587205486996;0.17607795105378685;0.3164971856978238;-0.006418830720881018;0.610984262087696;0.5349225446272413;-0.2866512900813911;0.41612347343821326;0.5075735108509736;-0.025517209425635044;0.1091034741198283;-0.04872022016821715;0.084901454235328;-0.027087800894013653;-0.13913461320715306;0.080441316958008;0.44625127253965396;0.854096688838185;-0.2671678271656006;0.4500716980508544;0.4344036460258492;-0.039101502350340725;0.05196737042340622;-0.19777076318651063;0.09663705344797562;-0.07787185690259586;-0.1653741607796039;0.08135538407727615;0.3016749289829491;1.0680623452931133;-0.23053017250179372;0.42195757505730086;0.37354672830114327;-0.016002559625960203;0.03785062056443877;-0.2150556654884296;0.11255143380097438;-0.07823529599477684;-0.16910419567499774;0.08261017889290544;0.18575855436664776;1.19720207662695;-0.19215917301290858;0.33467955008387523;0.3081497780345405;0.0015963948525337674;0.05159225749282791;-0.1593614305912436;0.07715241368672085;-0.06345003833173561;-0.1465933384835376;0.06400997693450362;46.345569433692326;25.938691455455793;7.606852672137415;19.540906701849362;78.91874754036012;63.517850062029076;21.701940345086346;117.88784855638355;36.1891090149518;33.97598232359476;118.53663544801938;31.474175442940496;39.47301828669934;112.21222817613051;37.945951621021386;59.29490892952072;20.598830425489435;12.079046323627647;7.359894966539182;0.993736685255832;-0.36638621262017645;0.04471735401818054;-0.0318064645222142;-0.26742525543640255;0.34074762474876064;-0.049741651766743916;-0.16753371468509606;0.48097649095345885;-0.0221083280640825;-0.058495629793094125;0.41383918958084737;-0.011216375510968074;-0.46935816180233014;0.7205041420488624;-0.3075692350112791;-0.2505820073056588;0.753002917590055;-0.02150947961202247;-0.10774625638054262;0.045952452128621785;0.08267144228157684;0.010907551366459134;-0.12629243581796576;0.0807570706064106;-0.25582417353765846;0.9228621341172909;-0.28788795328435246;-0.31030588887680377;0.678543054411389;-0.0067178857607874;-0.0751341118545898;-0.1372160360261958;0.09649341050206181;0.03843193357575549;-0.17453161634024858;0.06671602584728198;-0.08747815637783189;1.0536589392798152;-0.24642431759518055;-0.29041045487810463;0.6100911265987267;0.02779721803441858;-0.07909450449671301;-0.15140204030730953;0.10707467107983276;0.03078433940924086;-0.18459329332105048;0.056635611865909666;0.044315375630376706;1.1227225484614596;-0.20250402062807246;-0.239296953430003;0.46068712173645077;0.026588213905720096;-0.08027301846610192;-0.09378511844519608;0.07262988060407129;0.010153640485364593;-0.12525036785247448;0.047583345589572175;44.7067537652965;19.291102771765534;11.19208100060723;23.12431454237002;58.292196211519475;90.80404498305874;18.519894925030137;120.90458087672316;38.346643633001364;25.72705391617027;119.15694567218486;36.766667277566384;32.37218161743239;107.23980733438374;41.61878992410864;50.771300779925646;16.95679232483141;10.992319219921985;7.449576836405848
0.9954975451617118;0.3747023446171536;-0.1268555439361402;-0.04772568025833223;0.32386246068182983;0.16959528224094828;-0.05544211858986769;0.2563889348193256;0.3472813355182781;-0.02973453142551457;0.1765167964871118;0.3175530993975599;-0.007664210930454795;0.6133930093483801;0.5328540772690076;-0.2860320764399097;0.4166132200748024;0.5036377659056445;-0.02653155649513263;0.11069659834457968;-0.04770340731525997;0.08345596208652681;-0.02616389553227209;-0.13738556626697096;0.07951899918183464;0.44755309615713423;0.8533327023339199;-0.2674313467932522;0.45149392945635797;0.430968345154318;-0.04008643727711304;0.053524275861705835;-0.19626012325929365;0.09499429670675603;-0.0772429056679376;-0.16496174474158;0.08025455941735181;0.3021896008151414;1.0671764407904916;-0.23175932524825793;0.42281456649404997;0.3708700250463617;-0.017082945419521885;0.03854589065736836;-0.21524013256286295;0.11185155100819114;-0.07776157244177588;-0.16925608472207923;0.08232791606608889;0.1860313597777329;1.195176767583814;-0.1944182688614513;0.33548479800244585;0.3054685646541132;0.0011699047128194203;0.05178223738039047;-0.1600982219392063;0.07720252161648036;-0.06328986925731225;-0.1471488167425526;0.0641246474051108;45.92646670305835;26.179492946828372;7.8517924842065;19.397383618232222;78.03764979663403;64.12383156184292;21.842876809729365;117.21703038380072;36.6263882261321;34.16910534145517;118.26228557086769;31.512418530267464;39.76429607404628;111.9827683706247;37.82324602306829;59.17169786856576;20.71199003778643;12.108628657360514;7.349130821107283;0.9942228256530016;-0.35778083457691406;0.04849959482425708;-0.03765139221132908;-0.2525800365509743;0.35557125651187477;-0.04648310605442004;-0.157547153453553;0.48148644193111273;-0.01996727085284983;-0.05331707124413866;0.404514474995791;-0.008363101705968833;-0.450401675351461;0.7457899854353542;-0.28113047222574694;-0.23739895005236697;0.7429141049577668;-0.02677221186810244;-0.09948170869512031;0.02809043834168193;0.0669289832183977;0.01555189156247262;-0.13327912000656816;0.06935329670988194;-0.23963471474490897;0.93555454579608;-0.2594472881519802;-0.2873336554800688;0.6660178193134214;-0.009880567261104756;-0.07562372668285841;-0.13128525577375472;0.08202366459673835;0.037900582327326064;-0.17234344536886387;0.05650054653450126;-0.07104900132447257;1.0521231460760816;-0.219290580353731;-0.2720038225731298;0.5921470044827142;0.02266628063859433;-0.07634104382174911;-0.1483442229612177;0.09553142651127103;0.0305105346954151;-0.1823774465677929;0.05030580323658041;0.058784339755888884;1.107973083250082;-0.17770750982525102;-0.22574260864295728;0.4484579479225007;0.020918809519361058;-0.07063608541130598;-0.09762560014029198;0.0661411409799247;0.016025760188789363;-0.1323957544491614;0.04427113327367513;46.61853966185169;17.64012217578583;10.660227068662191;20.652918722711394;63.62422115374817;92.00027469401356;16.785407827207873;122.15685866731083;40.16607789781493;24.829269794720666;121.18681920851239;36.719178913704106;31.800304117666638;112.51656053238833;40.34547213954162;51.27465247738184;16.318351949129845;10.732322319005778;7.2839737472187265
0.9957570120917704;0.3756638121139207;-0.12784597480564652;-0.047819212405100876;0.32426747900958725;0.1660949107702008;-0.05616465418389684;0.2564932964045141;0.3441670114499013;-0.030800470658119628;0.17695607803889854;0.3186103147961488;-0.008911990274037922;0.6158049874319982;0.5307803404722063;-0.2854109874349987;0.41710293626923467;0.49969319608467244;-0.027547809855255085;0.11229255403534835;-0.04668450858452893;0.08200746784192539;-0.025238135337729676;-0.13563280106782902;0.07859470401883066;0.4488563926531341;0.852565223649677;-0.2676947481696112;0.4529178581625393;0.42752536184296375;-0.041073189490237465;0.05508407709214337;-0.19474608916951938;0.09334812782597803;-0.07661255180639027;-0.1645481398019629;0.07915140917133581;0.3027045600165401;1.0662863039366304;-0.23299031795519798;0.42367222567838286;0.3681872532412485;-0.018165387928129578;0.03924241944847017;-0.21542445084626405;0.11115004642310813;-0.0772867463247923;-0.16940787002560564;0.08204491153249178;0.18630425663323466;1.1931447132958748;-0.19668129163272724;0.33629081887430773;0.3027814279705603;0.0007425840359120502;0.05197246407157895;-0.16083606635509948;0.07725254501264349;-0.06312924027901728;-0.14770502664764773;0.06423938944722919;45.50310326291399;26.420929057813115;8.102643204383863;19.251688757840952;77.15088765446492;64.72594520749391;21.986607023457804;116.53293182756765;37.07075329819037;34.3636037725808;117.98389169479951;31.550599983046745;40.05751020142563;111.75035865371449;37.70095949225167;59.04786458951793;20.825486964634024;12.138533311761158;7.338532980725766;0.9947089660501716;-0.3493434478366755;0.05197897636676103;-0.043069809650424354;-0.23843049450204085;0.3690236943063539;-0.04338723418489704;-0.14804234786852788;0.48142689176543085;-0.01794487094846094;-0.04841991775176227;0.3953530649957483;-0.0056882662279060985;-0.4321911932478196;0.7685818589432287;-0.25611846964959756;-0.22481909644707632;0.7326622000187034;-0.03165885242325609;-0.09165024005880129;0.011372489532921068;0.052147889528294133;0.019873320094658597;-0.13965772167971177;0.058622701232867815;-0.22424379421900698;0.9463704156644671;-0.23258924547220003;-0.2655531774949844;0.6535754039716039;-0.012824144038669882;-0.07599694720843442;-0.12559859033011692;0.06841473667526322;0.03736200694132478;-0.17010742080568533;0.04689436153867956;-0.05562181068526481;1.0495172832658968;-0.19369816754173674;-0.25450558977222926;0.5747244947070411;0.01784773241063833;-0.07368378696551116;-0.14532248905296477;0.08464139856262191;0.030220785022184678;-0.18010439838908013;0.04433650456565364;0.07223580293655348;1.0929608500642296;-0.15434481877867737;-0.21282887323346178;0.43653428028900404;0.015599170917493696;-0.061554643566463674;-0.10110470777179523;0.06000574265329336;0.021493652035756386;-0.13892359908463334;0.041127588262384406;48.37434893789987;16.142071254033166;10.180951299362627;18.375403819428332;70.40243427929596;91.2470404753068;15.150654299164442;123.32649539446328;41.92548372275067;24.00452271703346;123.22261418857651;36.605845101940034;31.28546993653862;117.82468145475659;38.601881087140114;51.81601752181341;15.723160194077673;10.511194992963757;7.148766100605739
0.995849032585714;0.37630193792277566;-0.12916806594667232;-0.047714033597054284;0.3245785999473723;0.16434828092026046;-0.05650051963153025;0.25650656632646446;0.3430894636199114;-0.03123935603422726;0.17703500124712834;0.318865904028494;-0.009491951524780412;0.6175569190515212;0.5284393875028596;-0.28585127316278675;0.41738683644640273;0.49933628592784535;-0.02810401513343798;0.11345402396406493;-0.045288547119779185;0.08134772505404057;-0.024047560262634767;-0.13413101389986073;0.07820081047927165;0.44990777429519746;0.8517401958646633;-0.2685547120740331;0.454135151957541;0.42645654080235557;-0.04141565449561017;0.056490864277912375;-0.19285349270685684;0.09275913329104671;-0.07569114897999747;-0.16414767595800894;0.0786663626767289;0.30331939516543677;1.0662733088240435;-0.2342118250175826;0.4246690971020046;0.36682924435565345;-0.018372428317302555;0.03995383240098607;-0.21508132497320542;0.11116708440914118;-0.07676613244631636;-0.16951952036264217;0.08205508052386097;0.18676680450536334;1.1930592579872665;-0.19830512933708339;0.3373651483787365;0.30087391105836375;0.0007887273353773929;0.05231674418611776;-0.16125505360936843;0.07748450384524896;-0.06298006514990684;-0.14801201042184872;0.06442201569274308;45.39005797350654;26.592669378027704;8.185086630978638;19.314067962945682;76.41667266634683;65.10248204859197;22.053928705785232;115.93191983617375;37.36636369386994;34.50470780410539;117.66674014524152;31.58112449852492;40.31421371379229;111.44543031054866;37.6724455731484;59.00844851204641;20.936675484296515;12.177568013643915;7.339087877106036;0.9953685102907976;-0.34086336198360506;0.06790429663945835;-0.033849885616642796;-0.22513785753254106;0.37684620938277835;-0.0357348636077921;-0.13440690102447142;0.4728493651044029;-0.01317545429114423;-0.040756969987221815;0.37868298654140164;-0.0018120826255064002;-0.4231767848548923;0.7865784560064079;-0.227580854932584;-0.21079526348034242;0.7127653868195023;-0.030178055330295297;-0.08037521531586349;0.021724746985948784;0.04504609814989457;0.02218771638580821;-0.12343934005680035;0.05303192167174269;-0.21847188259249412;0.9534229992404814;-0.20797745319090863;-0.24236866723039494;0.6464134356842469;-0.012214772280834793;-0.0747365183552697;-0.09967158787378126;0.0622211158673998;0.033206940847593125;-0.15869858839696527;0.04414532241648701;-0.04927187940395424;1.046513049014834;-0.17400896695614665;-0.23380891946688978;0.5684028368001314;0.016710647616154126;-0.07348976518488083;-0.1242396813562807;0.07891791657053183;0.02551861037514182;-0.16980276042259718;0.04312329261044916;0.07938010587523914;1.080369024077527;-0.1389803226661279;-0.19561134912036296;0.4351619068434043;0.015265202473402382;-0.05903985318648682;-0.08898344059893262;0.05840437934633133;0.01881589086866896;-0.13544063496528688;0.042101389975269764;47.68440443294436;15.285146338401265;9.804980545492201;16.70859984632934;63.820809542433985;99.26859984268717;13.353822221831138;119.31464380517808;46.583078336696474;22.457913706637783;121.0141804366246;39.03347944323477;29.78155831669743;116.89424307731792;39.69402139181638;50.355547049174255;15.141589528990895;10.356004266789121;7.145420797441623
0.9955696024346704;0.37621921700109323;-0.1312293657335194;-0.047165871954079834;0.32468047795495747;0.1665121893269821;-0.05597424061077672;0.2563168816598979;0.3465534312116292;-0.03028011382915781;0.176310570058994;0.31733435119574677;-0.008582854488912035;0.6178371772179501;0.5255035083754891;-0.28865798876105775;0.4172120241515698;0.5069785625333895;-0.0276344093579107;0.11364657913349403;-0.0430522637518039;0.08244673498862992;-0.022266864145861927;-0.13318922017622828;0.07898960410730986;0.45039750108586607;0.8507875229034803;-0.2707446802568197;0.45489170748809377;0.4306814943526944;-0.04032159783000393;0.05755619976008957;-0.1901174291237404;0.09452734042928378;-0.07412110006432268;-0.16377669541211246;0.07955956045130756;0.3041569293031526;1.0682165247849649;-0.23541202397739155;0.4259763458771787;0.3684253684608209;-0.016627686552761513;0.04069828427769157;-0.21356244081649653;0.11278619835337642;-0.07614359798706473;-0.169541755044326;0.08271893410170293;0.18765218028004207;1.197314497441641;-0.19850360468456874;0.33903761445212716;0.30070520248704374;0.0018904667081181142;0.05300443997916494;-0.16096312607090613;0.07812208273446763;-0.06285649664066495;-0.1477633436690864;0.06475598475277299;45.973723285742786;26.607351630427505;7.885534613536832;19.846080177729302;76.02290143866797;64.98208033480056;21.951027615471457;115.52794101286969;37.32131963382759;34.52565506743449;117.26613165390084;31.597035178232325;40.48639193190573;110.98434347889331;37.851295359161625;59.15760719922506;21.042756553756163;12.236854028593582;7.364360898166343;0.9964127206431048;-0.3322933255806215;0.10927760385103495;0.0046343316330655845;-0.21311115242859535;0.37451345878809866;-0.018747811127854275;-0.11208207120858096;0.4476718971987107;-0.0027587745499988757;-0.027289754203234626;0.3468357638098247;0.004636046720553103;-0.43233591741675836;0.7971586442955879;-0.19086133313693757;-0.19345027731384273;0.6737567057770113;-0.016125362799812595;-0.061819052283940294;0.08594386129516371;0.05273325669718068;0.02070693401487279;-0.062033249917470605;0.05732457311100248;-0.2316092233100434;0.9547193690499455;-0.1867300030487671;-0.2154874002749624;0.6501159310852509;-0.004596041585666918;-0.0702920297375467;-0.03263749485505919;0.07036891536422332;0.021753316288670402;-0.12882975530844287;0.05480172390471275;-0.06050858245057132;1.0439541962571253;-0.16510288172755003;-0.20600727997097876;0.5843425910599456;0.02277972845513446;-0.07823091685798102;-0.06663390414514134;0.08315772058616211;0.011911525860389504;-0.1433678178823534;0.051262237275568015;0.07460381224970819;1.073295937392163;-0.1387097687315539;-0.16925104995135892;0.45506020486937404;0.02474580514978054;-0.06939128098742048;-0.045620671459026305;0.06571745251791639;-1.344518544194953e-05;-0.11224678817198032;0.05128734584429675;42.269112046778176;15.72714008895727;9.620693716599948;16.255562020950034;33.67471963420144;110.41913091627275;11.38124391190364;95.11691102484265;63.86945556444322;19.500271304841238;104.7925700211452;50.34397983672843;26.40330444268358;98.25206834923166;49.474574847660826;44.83750288842893;14.58949010936502;10.321848602302724;7.400001784702744
0.9952901722836266;0.3761338113444055;-0.1333006246054215;-0.046614570334657594;0.32478094221806747;0.16868638035508546;-0.055444882921742204;0.2561246728847325;0.35003337993624734;-0.029315689912125964;0.17558130646886674;0.3157929138758083;-0.0076689671028436456;0.6181151955109999;0.5225491773721095;-0.29147760615991575;0.41703380152385183;0.5146576400183451;-0.02716219009396084;0.11383945731890352;-0.04080406520955032;0.08355097999000538;-0.020476752242391393;-0.1322417192775003;0.0797820364150789;0.4508870828731174;0.8498247876909006;-0.2729444425598112;0.4556494820196411;0.4349258919808708;-0.039221596544038624;0.05862674386353933;-0.1873659642025484;0.09630419866234884;-0.07254242281997736;-0.16340280000818838;0.08045693772937448;0.3049970074580786;1.0701634717944157;-0.23661706923028822;0.427287857507209;0.3700276059961136;-0.014873750202598058;0.0414463730519201;-0.21203435979853527;0.11441307683037451;-0.07551736228626574;-0.16956309008733964;0.08338575273356016;0.18854104731625712;1.2015847467686107;-0.19870192562091657;0.340716767941576;0.30053381326825784;0.0029979379022255117;0.053695403098683696;-0.16066871261488697;0.07876251724787484;-0.06273190748756717;-0.14751249557431995;0.06509130684220767;46.55802122474878;26.619878987413927;7.589689059820691;20.383484756229983;75.61755247882266;64.85396739860995;21.855057597660064;115.10501257927639;37.28068171965572;34.5479191716294;116.85785155943083;31.616453780231836;40.65870864899389;110.52202709944216;38.03032842340357;59.30698916499522;21.149805711480326;12.297061642480035;7.390088105677479;0.9974569309954116;-0.3243027464518253;0.146919825279075;0.03970086514961306;-0.20203559669998813;0.3721836522191958;-0.0032580046987015485;-0.09167731452982698;0.4244847912843792;0.00673501355575577;-0.015002773426936717;0.31762573363797925;0.010509431358100138;-0.44044667680978267;0.8063655643070242;-0.15729636929697008;-0.17753910733714148;0.6378426021749479;-0.003310944894306251;-0.044875911923473;0.14441722619216057;0.059709509195478856;0.019346275939311392;-0.006042645201192998;0.06120505139655345;-0.24345453139185966;0.9553804801179134;-0.16726634256309722;-0.19087420839142902;0.6531356190539185;0.002349093603489874;-0.06620365163078923;0.028465656222201034;0.07775532122196195;0.011304253783732421;-0.1015413381150433;0.06448259630824199;-0.07071514980302493;1.0410535810101824;-0.15689717566618214;-0.18056055667666113;0.5985494207673101;0.028297815729056236;-0.08250870301423582;-0.014103858916431468;0.08697596501260035;-0.0004945320092689211;-0.11920063998705453;0.058650985123483795;0.07021072466226272;1.0662657014347279;-0.13838764274274165;-0.14513778793920737;0.4729447346762095;0.03337159839355331;-0.07878629391980292;-0.006081134082752878;0.07234574169646511;-0.017171824825181134;-0.09105004289010421;0.059630177560654474;37.67891631855082;16.361247003000443;9.533001180992345;16.078828923004423;21.895613395374497;79.48137516037735;10.025247301524526;64.18749095661315;83.83707545775198;17.017901875504513;83.22114428488398;64.81898905884574;23.6278546072853;78.07894636895809;58.20016772916364;40.19974558964854;14.143058977369032;10.335280969296662;7.669267946698935
0.9951140131953652;0.37684152994491615;-0.1351133347210115;-0.04576454709528389;0.32520108522373387;0.16974978345910385;-0.054897541230209304;0.25619076514721306;0.3525072355047479;-0.028638250581939046;0.17541114620872697;0.31470389751873945;-0.00705712246922518;0.6196087329872594;0.5198383870526437;-0.29254410708856643;0.4166615590358301;0.5206884150555646;-0.02680827527070528;0.11411968309233886;-0.03873929769146639;0.08406233447525431;-0.019142085411481692;-0.13168778144164947;0.08013481636771187;0.4523831712941064;0.84870280842189;-0.2739580429676849;0.45586032595484977;0.43872388499505716;-0.03850863602270269;0.05936504709289578;-0.185972105302025;0.09724368592409897;-0.07168477795473654;-0.16385727677643766;0.08092694894051397;0.306437956452235;1.0711035532781144;-0.23731292339258128;0.42806533207409564;0.37221760644562896;-0.01350265403880139;0.04199402937178486;-0.2115859722063449;0.11548517034034014;-0.07531070782241833;-0.17009990683300755;0.08378117383633506;0.1896491772032684;1.2042102989793284;-0.19907160056510662;0.3416480203538327;0.30131326002825043;0.003928038737049254;0.05426203898853321;-0.16082780433166113;0.07927187046748824;-0.06280203575423375;-0.14771717739136034;0.06536802167369081;46.897692324087004;26.692057775379727;7.35617700710947;20.780615832860505;75.1555329729615;64.9802224133532;21.6545817994522;114.93125886559301;37.23517331869609;34.43704166641142;116.68004251640211;31.632583757499198;40.66025233039431;110.30142289310724;38.153281216072074;59.355185549313234;21.243195210821025;12.35542777597119;7.422378513344276;0.99711932021221;-0.31872317388382826;0.19008133137446187;0.06412281959739513;-0.19055429626539336;0.37075491156617707;0.006967091247685655;-0.07644549013663653;0.40163819134365736;0.011181739532970103;-0.006257834178803531;0.29725266873115924;0.011585088422673964;-0.44966552170023555;0.8098947503510473;-0.12477471396554783;-0.16395051202443567;0.5978875926850942;0.002296953178957481;-0.03745136789211621;0.19725306277445082;0.05635160643733894;0.01280772394361333;0.05356388660363768;0.05687341525272624;-0.25990700296661157;0.9544207601961124;-0.146728873489809;-0.169021478954009;0.6419546958390502;0.006218356869672655;-0.06259842045574489;0.09092998418007607;0.07499888101589267;0.0007038360874380479;-0.05771754903808884;0.06412146038304217;-0.08695843177576269;1.042154321388463;-0.14715222495156044;-0.1580024528861638;0.5994824908802683;0.030564536037288606;-0.08189996922008473;0.03574549000640683;0.08383656150333406;-0.010239604252180347;-0.08843654052353145;0.05920533664065739;0.059840786123692875;1.0690255467786849;-0.13745132932930768;-0.12367073895131062;0.48076587144683713;0.03756350000204167;-0.08158657108592926;0.03202613884213969;0.0739974880977747;-0.028578428897682327;-0.06590563827724785;0.06284782964336864;33.017030362473115;16.43224084117043;9.588174421327283;15.776078411112419;16.11392632054463;36.385402769271636;8.986980393085398;38.415470617886655;92.40552228540622;14.722109115564596;60.94927591453889;78.3698948560801;21.096725602911278;60.33090471986008;63.57991108439965;34.740736852119895;13.690833962492812;10.364502868170101;7.932740002843735
0.9951741268873512;0.37937492124993644;-0.1363184662174806;-0.0442301755976886;0.32635610165816825;0.16824332579465184;-0.05431189597808247;0.2568522700256942;0.35264424737152344;-0.028627082407343928;0.1765320483600416;0.3146650722015186;-0.007145931281746971;0.62389776582669;0.5177051872404248;-0.2895583033765147;0.4158433500754105;0.5228789862058101;-0.026729447394115917;0.11459969129708211;-0.0371100749326451;0.08320235009723773;-0.01886636443530717;-0.13204522031146781;0.07947083113298066;0.45619258188754164;0.8472191150213134;-0.2722280282654252;0.4548072843238841;0.44146865194135754;-0.038693046053347044;0.05933218592985299;-0.187719274006712;0.0962450882110768;-0.07249607799544214;-0.1662205008545967;0.08040784959838387;0.3092566296369339;1.0697133687908196;-0.23682933015722715;0.427605333804572;0.37575055561722054;-0.013023176946205374;0.042075846913162386;-0.21363162401399324;0.11527049123007282;-0.07607346580401124;-0.1718229203728398;0.08354785204482855;0.19125650300773903;1.2030234987917547;-0.1998342960545953;0.3408474453311017;0.3042819828077648;0.004443286140189147;0.05453833733706277;-0.16203232738411902;0.07947561403984059;-0.06332102725420397;-0.14897170573419297;0.06550777328220819;46.6752785954218;26.905933523458874;7.257522677238894;20.855775667548922;74.5795903050921;65.71049668162655;21.20097879390153;115.36468636062551;37.167770198250544;34.01885863053431;117.04428825414301;31.6336460516472;40.27102425701254;110.63627849299247;38.147497445784474;59.169419189564486;21.30355781569266;12.408353240361263;7.469591457724236;0.9936202553614668;-0.31736838665557504;0.2490428326185406;0.0697769059191292;-0.1769933386594403;0.3709608348029035;0.007709335312950322;-0.06996100890536691;0.3769623101609187;0.005953797528845457;-0.003688889908656105;0.29242767541926423;0.0031205820474475366;-0.4620909391181777;0.8023297509335716;-0.09080151526361928;-0.15354574836421223;0.5454081078647389;-0.005989190552739172;-0.04837406358378361;0.2444866684945952;0.03182417578820429;-0.004865910281222424;0.1269398828021172;0.03553726296943869;-0.2874089351466922;0.950034203346296;-0.12178307136056792;-0.15033314460516414;0.6009328376518964;0.004317861776562339;-0.05956888020767396;0.16293456606613893;0.05152233689009291;-0.011356311271093211;0.024166624743710195;0.043504862663727106;-0.11711657426398152;1.051363302659368;-0.1332380831451099;-0.1387905255000527;0.5737627838893763;0.02653212439303612;-0.07138440463268649;0.0856287086765473;0.06634578860559415;-0.015689970444730368;-0.04103678842782998;0.04606042017302149;0.03630723232738942;1.091724002041074;-0.13516815442582739;-0.10518300144604954;0.4691539003914539;0.03328547174401772;-0.07141327346786026;0.07140085797512073;0.06580801307467656;-0.029649221923546406;-0.030071641386008603;0.05609641562410759;27.641777197434504;14.991739831732232;9.794357283974751;15.04410606434495;9.08640196490628;12.138609435736221;7.899742463471129;17.203234074468607;42.088010288535386;12.138342853480168;37.522827853018015;85.40176984830363;18.219736557081074;41.9568805590794;64.36326721396036;26.745840521832474;13.10191647219129;10.39697821099823;8.198224353919079
0.9952342405793372;0.3819171313693079;-0.13752867127507723;-0.04268501100744422;0.3275120866445945;0.16672378785368683;-0.05372138641949801;0.2575129379900725;0.35277512775966113;-0.0286152724778364;0.17765667975524738;0.31461973506629887;-0.007235171671981047;0.6282020947188537;0.5155479046490559;-0.286547448016842;0.41501158080137535;0.5250733059889036;-0.026649578394972628;0.11508052044226381;-0.035469587951377134;0.08233515416293213;-0.018588486733847952;-0.13240234112585425;0.07880097487028176;0.4600175267420593;0.845708978639749;-0.27048141995011676;0.45373838993179244;0.44422236782854874;-0.038877877605393005;0.05929793191289606;-0.18947399544678306;0.09523812389487427;-0.07331117708377967;-0.1685956855515177;0.07988379664072381;0.3120873599052088;1.0682929184185008;-0.23633790033561575;0.4271338554625767;0.379298853508433;-0.012540342995624659;0.04215735585355387;-0.21568624136542675;0.11505213158384135;-0.07683963803982909;-0.1735536468843871;0.08331136046804724;0.19287040769076155;1.2018050942033052;-0.20059794288977598;0.340034916136458;0.30726383107025096;0.004961773965418989;0.05481533558663711;-0.16324140843068108;0.07967909257830436;-0.0638421118582198;-0.15023137500858466;0.06564712434950878;46.45097236109398;27.121448024923218;7.158592659507431;20.943432626559638;73.99480958336277;66.45138717601719;20.746705496045013;115.79825061506678;37.09797734673794;33.60047181312547;117.4084376675902;31.63385868086572;39.88213880503674;110.97127201314878;38.1415503257006;58.980508244375976;21.364073426305843;12.462151116612048;7.5180043327655905;0.9901211905107236;-0.31572181191028054;0.303225850961185;0.07491571662443833;-0.16424022847862557;0.37069006520177084;0.008385739332666852;-0.06388105537271443;0.3536881712923841;0.001114702569957962;-0.0013100714311951628;0.28760491584487624;-0.004706243167803421;-0.4730002277993051;0.7943408798105603;-0.059290423969005926;-0.14373875529838434;0.49622834587302894;-0.013639848990968028;-0.05840875662717509;0.28783636000592916;0.009116224563651876;-0.02119393873358766;0.19459662965014707;0.015774094774424804;-0.3124691479623369;0.944799278538606;-0.09857664451897648;-0.1328744199693395;0.5622732671137536;0.0025560461741161913;-0.056694920294996835;0.22927910423073194;0.02976113736902221;-0.0224882549688563;0.09981442109847996;0.024396807708885047;-0.1448433368098927;1.0585675072011818;-0.12021294356418274;-0.12086223998127434;0.5492793223044726;0.022772367820311678;-0.06157713098563993;0.13162464023391082;0.05009824921945773;-0.02070772906425665;0.00282134737831563;0.03385456047770734;0.014512255719432402;1.1113450913983585;-0.13289002377268966;-0.08796578887568544;0.45783891460892423;0.029290320794364912;-0.06192228908111958;0.10770245703665347;0.058157456226552266;-0.030602002681388515;0.0030837264398782573;0.04978699421132979;23.72246744635392;13.69440361517222;10.038816821924478;14.760472087678203;5.723075582876;5.960775725032844;7.739627901010183;6.953598844243523;6.338975226687457;9.879990496530503;20.798624246910194;56.867767433807536;15.59074759636139;28.221340953778668;50.34805258133187;20.34652663627268;12.587696562084725;10.47820978780341;8.49183921685549
0.9953029991401778;0.3832736604868693;-0.13850539803563908;-0.04186835113514165;0.32829918628822174;0.16535045897937556;-0.05330198795284591;0.2580763926438155;0.35232521933801786;-0.028454733288449018;0.1776657643049252;0.31484157734602003;-0.007133890882581669;0.6298840471578453;0.5141400845262825;-0.28459114845235;0.4151918595336589;0.5238722066042548;-0.026354915800253852;0.11525680569611958;-0.03451114629250259;0.08175536578588086;-0.018568190583489984;-0.1327003855933185;0.0783192745379649;0.46212328398328006;0.8450335827451926;-0.2689987257094956;0.4538737841146924;0.4433130801783764;-0.038770165489081465;0.05915822189718796;-0.19009368444080935;0.0942930002494611;-0.07390195929590061;-0.1698738654410703;0.07923565814799102;0.31431562503263605;1.067672059857651;-0.23528391998634174;0.4273233291758085;0.3789178586544076;-0.012147350417646682;0.042213786359468715;-0.2166987883440535;0.11430325804752285;-0.07736745326106785;-0.17441093468287827;0.08268685652928236;0.1951005490372934;1.201194071033238;-0.199933911552242;0.33969722493501187;0.3066609548720836;0.005238223618827949;0.055003933868386874;-0.16369431156605246;0.07932149842246296;-0.06398269382810827;-0.15039725527803605;0.06532466662132222;46.28524891820284;27.26506041135967;7.260228482777317;20.89913340608596;73.51092190928843;66.94111102816356;20.651787140038003;115.86110631848479;37.11995849203447;33.52613756565176;117.44723609597935;31.709480095782283;39.80782134353183;110.95062807995014;38.21162812249867;58.93217194331086;21.390560769126157;12.46443042630157;7.520629391771822;0.9883143158974949;-0.30878225438990625;0.334597050583488;0.08298279090929311;-0.15890594449398163;0.36839698834032214;0.012068719652006997;-0.06384677955447371;0.33945761795532714;0.00024712540523183556;-0.003690935044094133;0.28272458120516464;-0.007362525689086678;-0.4839752433623329;0.791745675538234;-0.026801275451484478;-0.13249777219705708;0.4608823753782338;-0.01424173983695951;-0.060967468165477545;0.30455079216537906;-0.0031351914307807577;-0.02968079168079474;0.22824539966514315;0.00424009194150944;-0.33403515947315654;0.9397666786672603;-0.0725196656256033;-0.12239355960126412;0.5245280130961499;0.004538750044594133;-0.05408499368989211;0.2617013901373414;0.016182457958421673;-0.030190481423353472;0.1423314849877337;0.012039696407046769;-0.16917778145007228;1.0586932193550025;-0.10214416211311851;-0.1117193094479619;0.5204547681990673;0.020419645907689476;-0.05578665216513019;0.16771608176857775;0.03670027818357842;-0.026074598181333765;0.043701187207842086;0.02354279206268275;-0.006710953216441322;1.119026774307177;-0.12247291385510756;-0.07967323535959717;0.44211463270886847;0.026746919553320116;-0.05424907157386973;0.13656468010879053;0.05086615290626152;-0.031214112989707516;0.03623089224576533;0.043193001830953336;21.079683692550056;12.789781948320337;10.020866215115923;15.390615077240726;4.849706799853355;4.238528661013707;7.928620344737844;3.319256286775633;1.2996501220059675;8.2190363210997;11.388147020390553;17.602230771778036;13.796657695952037;19.26816813454101;28.113944446029475;16.4112618282449;12.114367327477023;10.529868111646822;8.726932878377927
0.9953877861720508;0.3824212499270599;-0.13903906872922733;-0.042416609378295486;0.32839994461159167;0.1642724086996195;-0.05320759626617628;0.25845892366076073;0.3508135308375747;-0.028021155502537566;0.1756089901443346;0.3155653115615463;-0.006680556251509478;0.6266926108570244;0.5141578404916669;-0.2846278492536547;0.41726019938789544;0.5163998355743402;-0.02566638639388862;0.11486860121064764;-0.03483314389980737;0.08171951726570159;-0.01902686364996489;-0.1328884105649929;0.07819580581421809;0.46102155783873117;0.8459413323148144;-0.26803429909134047;0.45625583282650156;0.43562942591213993;-0.03812200774196279;0.05882639106312657;-0.18860319127827455;0.09347854013911004;-0.07407022035096227;-0.16910270135577987;0.07836847493762349;0.3154034689263631;1.0685747117048425;-0.23320708240562749;0.4287493350379492;0.3712589741949031;-0.011926955829260615;0.042224085109429335;-0.21576900873744145;0.1125832840261654;-0.07744766077493588;-0.17363988390493132;0.08135314346994925;0.1984491371640585;1.201753437891433;-0.1966346202787281;0.34025541478332055;0.29942084307228983;0.00506166999583844;0.055027379645658486;-0.16274187781056018;0.0779296238095243;-0.06341681190077375;-0.14853470136442787;0.06415130429960915;46.231334289838244;27.272645989415956;7.735332807389849;20.60163044994348;73.22520514832709;66.94835088948909;21.23232442200672;115.23352805374027;37.316367763150076;34.095667053582794;116.87658500277792;31.92659594128006;40.3250025395626;110.26109493854113;38.42497458215819;59.14897425805823;21.353804162714702;12.370646038528387;7.437463960784835;0.9896449350575364;-0.2924348753416298;0.3302286871164358;0.09679777595377789;-0.16580418096808341;0.362705614946594;0.02119552435759466;-0.07412210498719737;0.33954561107047676;0.006049474724927442;-0.014372397813909832;0.27749704668265374;-0.0014762648354402117;-0.49635722053022113;0.7986016577206176;0.010226609153649814;-0.11790599011019505;0.44619114890240197;-0.002931709970803816;-0.05109347859031622;0.27770455813694866;0.0012839743668732716;-0.025622195465277487;0.20726703993212756;0.005661432814700031;-0.35180559594797256;0.9352458078504887;-0.03934592174264718;-0.12291358539886131;0.4853170604129383;0.013062511703794789;-0.05172655819099319;0.23955484700412621;0.015305534141632568;-0.03277214671238588;0.13244553568467604;0.010058411061852637;-0.19002826811458404;1.0474991527867803;-0.07396402323292768;-0.11676014995584827;0.4820284443117089;0.020261052707207516;-0.05634082575519231;0.1903068484736064;0.02697366770947307;-0.03252984007237897;0.08319230185411533;0.015545505185919928;-0.028858162436295152;1.1078434502258847;-0.09738097807477379;-0.0858558592335297;0.4177885412466664;0.026460772669804677;-0.0490159020874506;0.15544957490616818;0.043568892472151566;-0.03132248262973858;0.0723412466881316;0.03555637917497719;19.206905896539993;12.413587089056449;9.439296747148813;17.088524485290165;4.42138903120322;3.616164371565441;7.418387732023018;2.902481407747088;1.8261974238641667;7.138906844943397;6.112163351778576;5.259203206102072;13.254881377036309;12.804902605865456;10.845021788260295;15.166381676745917;11.607953415739848;10.458799090409503;8.825256944907972
0.9954725732039238;0.3815728689167363;-0.1395691035511843;-0.042961427716003954;0.328499127834095;0.16320039393560812;-0.053113618851212296;0.2588383814816474;0.34930995130571973;-0.027590117021315662;0.1735641362118373;0.31628374147263616;-0.0062299431529872894;0.6235186290852541;0.5141739769211474;-0.2846634910275011;0.41931480541380717;0.5089711289981997;-0.024981944834812905;0.11448240624708333;-0.03515309203629136;0.08168364516864038;-0.019482707296796936;-0.13307490777200584;0.07807285369051555;0.45992513761280734;0.8468411050240302;-0.2670749157699384;0.458622136116638;0.42799095121784125;-0.03747765709387324;0.058496393699867234;-0.18712115599328752;0.09266872990193904;-0.07423724613595231;-0.1683357029299487;0.07750630484109326;0.3164838073280657;1.069468762737155;-0.23114211697093348;0.43016545728523586;0.3636453088492191;-0.011707858823857449;0.04223419740218044;-0.2148442166428819;0.11087337906463292;-0.07752715551919548;-0.17287298475716675;0.08002725571442447;0.20177689371690818;1.2023058879905044;-0.19335470052923295;0.3408092287098804;0.29222362947235253;0.004886169053715861;0.05505052181423129;-0.16179472450621663;0.07654593625490279;-0.06285416518128613;-0.1466829729137016;0.06298484827990204;46.17787145529282;27.279907505272856;8.21170905684746;20.320622563673233;72.93606805518546;66.95460257382598;21.824550263911977;114.60164967505432;37.51385556302134;34.67344824603841;116.29655124306093;32.14430370769816;40.855219435483015;109.55775641957317;38.64140839888459;59.36536910299186;21.31713331108672;12.278026401070308;7.355709417675278;0.990975554217578;-0.27625675682997103;0.32556203260178956;0.11000103730245338;-0.17223688597185552;0.35671764349365476;0.029976457900427696;-0.0839395450632543;0.33916784084537566;0.011642056056918903;-0.024663291878371425;0.2720729201123316;0.004207569169743651;-0.5076327549515423;0.8041312472026664;0.04595452422025481;-0.10366032889906315;0.43140213484228224;0.007989500856177594;-0.041492801005746725;0.25141229885606836;0.005547906262343382;-0.02166964433066118;0.18673484189757758;0.00702569343149942;-0.3684794245496879;0.929607470987504;-0.007270733645775948;-0.1232480525421947;0.44680660884431345;0.021272429839489713;-0.0493795456023092;0.21785103892183674;0.014438209962590907;-0.03521948751203849;0.12272245328953867;0.008132231856740724;-0.2098956301524128;1.0352664197708434;-0.046661829868865384;-0.12146680263185791;0.4442798516928383;0.020080357446354488;-0.05679897503474314;0.21185366841036;0.01754811919395125;-0.03871655259670905;0.12119846316475119;0.007804791727997149;-0.05019684041940378;1.0955388539265913;-0.07302781906142172;-0.09170675348358708;0.39373800032266215;0.02614850534312918;-0.04389769317492976;0.17346673424595158;0.03646570433425318;-0.031384404508684204;0.10709885362468764;0.028136534219932483;17.54058405995555;12.0982032260999;8.778412312174737;18.82118476343536;4.144520476670506;2.892363607382399;6.906657131984533;2.8541171739579;3.2352337067390327;6.317966961880287;2.096956284249305;2.902873159428144;12.893467016279999;7.892208326190739;3.353034404599579;14.127550217210022;11.103431972483788;10.374813622744528;8.916365245969041
0.9955385803426088;0.3809433686480669;-0.13893318636630134;-0.04397825712614662;0.32826838332660613;0.16269398081229805;-0.05356993125534767;0.25883132521634444;0.34756148336012876;-0.027405789832649078;0.17192402612522711;0.31706092880558123;-0.005951446088874251;0.620962756507265;0.5135533038507032;-0.28833826104140686;0.4205765743469069;0.505756043359899;-0.02458204111343286;0.11535670697636353;-0.032472337628110796;0.08254924316915127;-0.01839741255746053;-0.13268293360903535;0.07889403299527169;0.45830015347247693;0.8469812150214528;-0.2694137909014448;0.4607826318793853;0.4251366388787951;-0.03760175692845114;0.06225284246908809;-0.18171832511903713;0.09292681055432894;-0.0710672361562919;-0.168671706640781;0.0778674610715937;0.316002722956322;1.0701309087011386;-0.23179838218072524;0.43151970249359783;0.3604008804173927;-0.011573216571289374;0.045959609570554984;-0.21120264757701124;0.11110990864077812;-0.07406213129994606;-0.17210910403703622;0.08050613005225289;0.2026990340444824;1.2028037987620013;-0.19228390795514338;0.3417366131227417;0.2890397399332132;0.00520456977405537;0.05830430840073238;-0.15875367611217478;0.07667637574944068;-0.05945456712237455;-0.14448171737590262;0.06330381636796847;46.05448253850639;27.21334990742698;8.624370760554402;20.410219582668574;71.70774355133487;67.38562855717679;22.23001112807967;112.86001930364344;37.963355673420715;35.03869247525689;114.9134635912894;32.30337746000548;41.191910318121096;107.91131932263698;39.006907808608055;59.363437869579805;21.326461109375977;12.25767620177467;7.320266004103895;0.9919102674707838;-0.2691159512837079;0.3157065362517316;0.11970853968896525;-0.17759070189362436;0.3443805259579346;0.035995097129125644;-0.08576263722467307;0.3380260139714261;0.0156787725046279;-0.025290698448155017;0.2645977909490798;0.008915084490893045;-0.5257203114376772;0.7923720704440407;0.06757892614022654;-0.08548884180217185;0.4222748071266995;0.020263351973395363;-0.025886321937746253;0.22082551284468147;0.014055546103041867;-0.01266573063889666;0.15739783535634916;0.01105789942055998;-0.3935438619978596;0.919241097933682;0.010910204099303399;-0.11879077486583167;0.42564494020454713;0.03188916193774182;-0.03672496015542111;0.1892670992987726;0.018341430572200498;-0.026785503406384817;0.10102367104757241;0.008912999370619824;-0.23919032302528367;1.0258960912533435;-0.03182322915540205;-0.12183264894888395;0.42783648530734814;0.026118310948758553;-0.0452800433296252;0.2016099751767998;0.017081637990971812;-0.032412222653250285;0.11916430978046491;0.004992674747071687;-0.07918044377146873;1.0903669632879156;-0.06070853060417352;-0.09286617236243781;0.3806275975258288;0.028705471868790244;-0.035014038882051866;0.1681618485226221;0.0347147050733734;-0.025388852678534028;0.1097948297669298;0.02493809931414592;16.828126411321946;13.294617129793874;8.794101266088928;22.121723552777922;4.84059462393513;2.11668888855866;8.34578600798053;4.778536643636878;3.893496814732551;5.795220667710461;3.5056851972463945;3.511198052383146;12.063101884421101;7.488252780195015;1.6195809087878894;13.801118359080442;10.931729003033503;10.323582816097742;9.078520472003664
0.9955763247897896;0.38062181011047613;-0.13653671211385746;-0.045710851600577286;0.32752781868618297;0.16302529048474665;-0.0548539816981461;0.25823426962841584;0.34541621812477585;-0.02758888891505643;0.1708696051919752;0.31792109228321386;-0.005928424749741185;0.6192869986256803;0.5119516485495539;-0.297495490366374;0.4206439991807585;0.5088142215346693;-0.024604464209254044;0.1181257546281708;-0.025263662952815062;0.08477209643300546;-0.014989200559765013;-0.131414320640463;0.08113621331627845;0.4558495879085633;0.8459500483422842;-0.27671224930111077;0.46263619227846764;0.42941803335808276;-0.038878514262338175;0.07217239301604433;-0.17037650304489899;0.09478590908840684;-0.06285872339184337;-0.17065918941600328;0.08006437142009974;0.3131622802350709;1.070409749012351;-0.23653458854069936;0.4327767535202402;0.36366855594235975;-0.011563616098158692;0.05529160394136376;-0.20344349589357102;0.11426472152084147;-0.0652444940754099;-0.1713361383049848;0.08369411359671249;0.2000123529320932;1.2031778960887214;-0.19451049535087056;0.34321973221523333;0.29183725475808847;0.00626671824082276;0.06643272810827901;-0.1525371138234751;0.07907683075787525;-0.051765149807431445;-0.1417303948239215;0.0658519684835587;45.8234943284408;27.03586771688349;8.941513262767383;21.037278974108386;69.11939210662317;68.40595264029125;22.346724004223407;109.30156358858471;38.948104676853546;35.07681555296965;112.26829835514663;32.382150531327724;41.22373970741667;104.8125843643499;39.54022427016309;59.03203302134164;21.404615986848555;12.346143333750195;7.354413158216545;0.9922491644220656;-0.2748914635120615;0.29815517460032637;0.12469824146950105;-0.18160263970495322;0.32260547518681076;0.03821794945047844;-0.07612231800558451;0.3358489399809435;0.01759570304995889;-0.011989677380988712;0.2540147534612017;0.012358006653743363;-0.5543528612399699;0.7555306160437952;0.06951194795019788;-0.06112353898426344;0.42117539265034853;0.03486853787201755;-0.0011419081996048616;0.18317749170000552;0.0289535563337003;0.00390180745299011;0.1145048447868938;0.019068416817173323;-0.43160412963262357;0.9020122453492906;0.009580423998790026;-0.10731477296781153;0.4290250760080516;0.046312902453740055;-0.008812934614193002;0.14993911490193138;0.029257649211360266;-0.002390355676090982;0.061404052365427106;0.013629251088598748;-0.2830592272678433;1.02068728457347;-0.03454355955395741;-0.11597800872671685;0.44179205481600725;0.041327512936259476;-0.016129724259527634;0.14520829739095642;0.029544077185185872;-0.007888347722042334;0.059282208853798195;0.009214311662481156;-0.1201062228852315;1.0956701482016717;-0.06541270499321246;-0.08731393822782946;0.38303444480285626;0.03549210484214615;-0.020434198012331137;0.12906781011672236;0.04065035014994349;-0.010471743624550181;0.06630538464356138;0.027746523033629605;17.16389615090889;16.81830279491418;10.056782962095394;27.927777566620122;8.942757562076741;2.3264279439658457;12.720847210654032;11.701647399245369;1.852361460644327;7.082091504711013;10.380113511525934;2.9390688910175666;10.794787883352406;12.688536779296872;5.17761195715872;14.302754752172257;11.306833294056865;10.355352585084262;9.359726656740577
0.9956140692369704;0.38027638784851925;-0.13412592076510546;-0.0474450500269528;0.32676554852793416;0.16334756268578765;-0.05613795038649846;0.25762006742584215;0.34324461903274195;-0.027770779158632485;0.1698021746381675;0.31876417170458926;-0.0059049862603879465;0.6175695048549255;0.5103149450955775;-0.30665781136643233;0.42068611800697986;0.511849301234191;-0.024625453731395866;0.12089463606416058;-0.018035266219024848;0.08699542514572275;-0.011571479705867685;-0.13013454710755706;0.08337913806638268;0.45336522966527665;0.8448650447073368;-0.28401236726984397;0.46446641095866326;0.4336842249017046;-0.04015613898554402;0.08211260566671343;-0.15899573969831352;0.09664395860854828;-0.054625688422853015;-0.17264135193091573;0.08226197686912869;0.31029570274053947;1.0706244640044913;-0.24126842165949636;0.43401076589042864;0.36692245238275584;-0.011553291050537063;0.0646438000252456;-0.1956524415537967;0.11742057555305153;-0.056400652952771115;-0.17055084498361953;0.08688507350214543;0.1973067779699945;1.2034800674309007;-0.1967309213497467;0.3446858071526169;0.2946241544289131;0.007331167627619684;0.07457763740241899;-0.1462956249195902;0.08147855434677413;-0.04405319216743211;-0.1389635451188492;0.06840256287068959;45.589902092531965;26.858089836877134;9.260593251214646;21.665216900214954;66.61215487056911;69.34624437614676;22.47136751219394;105.54130760327257;40.158069749499596;35.11838253229084;109.53959038399108;32.473229872018685;41.25834279683596;101.65838628652376;39.98415699717265;58.698710643341634;21.482301278804627;12.436659511498654;7.390834656590826;0.9925880613733472;-0.2800916913684574;0.280427018877153;0.12938248245121872;-0.1852308366824965;0.300691413453357;0.04033415983185691;-0.0665337344839439;0.3331423815078722;0.019446757971233436;0.0010819580224863301;0.24319904315147406;0.015715295350387175;-0.5815063490757149;0.718097821759193;0.07129062415653054;-0.03711192834790225;0.41938135153575345;0.04914027244430662;0.02313982990902297;0.1459252857968585;0.04352266224545084;0.020151637893439364;0.0722227766758742;0.026896140941197917;-0.4682167758006549;0.8835750302726751;0.008259342436327411;-0.09587200133357444;0.4316131437536783;0.06038716293319031;0.018589965933366582;0.11109493743629054;0.03991921143696495;0.021550794639703084;0.02242407301084393;0.018233801677939844;-0.3256237133116394;1.0138428779725863;-0.037154147195935155;-0.11003633642950283;0.45473530424449354;0.056180953166278275;0.012500644817643965;0.0896190459251648;0.041722340834962617;0.016188449820186007;0.0004238103754711697;0.01334103237492873;-0.16005958388111796;1.0990130129781401;-0.06991746269830561;-0.08171767322597;0.3847456035741702;0.04209103300948304;-0.006093413556888128;0.09048863106853386;0.04640550894616521;0.004183057334765461;0.023519917075782906;0.03045509311568199;17.39809202827156;20.51901078524977;11.535371111112072;33.852380362319145;16.870448020964023;7.079987211587041;16.995108170346285;24.363080932702026;32.84307343691473;9.789986281748853;27.305986718194706;67.59173649704333;10.391235239654092;22.37220026985758;26.91700641661363;14.86052025279289;11.748047900151642;10.40975989503344;9.642229081891449
0.9955651199833676;0.3792507039340421;-0.13335196709753477;-0.04905421477341944;0.3265571433343998;0.1630146860261856;-0.05704062541812425;0.257446305215093;0.3423768980281761;-0.028326196489712893;0.17022815530470947;0.31909130608574204;-0.0063644377627584256;0.6171472764666247;0.5094291386208274;-0.3099712369280996;0.4203215519541185;0.513713133241386;-0.02567524244943257;0.12185193123392662;-0.016583937428083347;0.08693888156300068;-0.01094311773981491;-0.13190594057252542;0.08370276975761037;0.45270265650857416;0.8442979028399441;-0.2867426652072418;0.4648756366261893;0.4347937322959023;-0.0413679477342714;0.08457892900133643;-0.15630570424661086;0.09656552416110994;-0.052764630617563126;-0.17396300154447605;0.08255914085266829;0.3095088730646356;1.0710542558832823;-0.24342298355424705;0.4345635148039415;0.3676407349626281;-0.012398495620890177;0.06651000367685413;-0.19358170767195168;0.11792570568954187;-0.05451457813264249;-0.17054018338655552;0.0876224198124479;0.19648372830225294;1.2046381857585096;-0.19845868245972276;0.34554259615957406;0.2952884602863613;0.006652905594404559;0.07616377629661981;-0.14499682606156383;0.08179915877294291;-0.04259373300976792;-0.13883301246553983;0.06902682187247118;45.476739940309336;26.845946331878977;9.278062154145774;21.85978879527925;66.14026324981785;69.83316462231565;22.476188108416906;104.65325551927734;40.51449827710178;35.14245663652571;108.97296335115277;32.48420694727374;41.302050757392976;101.05228111302375;40.051790967678045;58.55269864783244;21.516126061929945;12.474318254430095;7.404065974527148;0.9926272236744644;-0.28730223129538046;0.2575665879849321;0.14366699628363586;-0.18960499724707663;0.2811699604524553;0.04450652429480152;-0.06256752932318439;0.33699521481159;0.020819171641490587;0.010438189129348607;0.24165668582351219;0.016657302816129902;-0.609769681670398;0.6837573253381731;0.07197023337037411;-0.02576421956638816;0.44478615148607226;0.05471502934235937;0.04879154785213789;0.11914437563240493;0.05353240305058072;0.0358977761002042;0.03273648010682479;0.033058230421010915;-0.5029292518250988;0.8643275792242795;5.874472952455717e-05;-0.0927619591391756;0.4588356301746497;0.06454423058450835;0.049579679899950345;0.07923042692349873;0.04956934695215789;0.04070731877438722;-0.01784286258076579;0.023656956730977313;-0.36290176029755344;1.0057074811885762;-0.052018017245742336;-0.11700658996773111;0.48684240480043056;0.060063913523664234;0.04594183967137868;0.04943669784425486;0.05262046382390284;0.037364369567642414;-0.04856480811643793;0.018922749787553518;-0.19362861190875982;1.1031396107949785;-0.09038580664939677;-0.08375928988476965;0.4075399307155318;0.04238627899493412;0.014573661429648114;0.05857483467546125;0.05201661591290589;0.018443966145335673;-0.017801125922218306;0.033891682740735264;18.831841368330732;23.70207837139389;12.97219579718423;38.28980516454903;29.142541303725693;25.072566845477937;20.284625489439577;45.63934503098129;70.51029558493916;11.513013880772503;59.577913406570396;86.74696423541117;10.561488514186612;41.76472148408247;73.016412145923;17.102852506202826;12.363947127193088;10.71749797263161;10.033098881135025
0.995431059083792;0.37757420093136573;-0.13419447937493445;-0.05053886251665451;0.32690720934986855;0.16204519362555855;-0.0575687655908915;0.25771657169401735;0.3428071423070758;-0.029248759140131173;0.17212841984591332;0.31892363978120536;-0.007297861277859053;0.6180248889103274;0.5093045844703916;-0.30753980111205315;0.41957533677074105;0.5144424987506584;-0.02773517132404629;0.12103108489174644;-0.02081615012457495;0.08464464987870945;-0.013058915451658921;-0.13667848269656294;0.08214222018691793;0.4538513109740232;0.8442760194554737;-0.28498594789845505;0.4639061187352291;0.43281527409921794;-0.04251403415696709;0.07969541389298922;-0.16217226311633215;0.09458744274656779;-0.05717440093470105;-0.17463949360053313;0.08099066938743035;0.31078124847024524;1.0717387507446823;-0.24304699913903713;0.43446319425868113;0.3658797502227057;-0.01408340614481164;0.06101507336491606;-0.1971474258900347;0.11582856979773899;-0.059475365248953325;-0.1712981486018364;0.0859495113089167;0.19752140375067528;1.2066849416666912;-0.1997064001830111;0.3458127196517165;0.2938766842256585;0.004263136142384166;0.0713013868723619;-0.14856622788657986;0.08007641448345691;-0.047286316262887186;-0.14130034076402706;0.06775869419107712;45.48453065282821;26.99666945499886;8.99932836484564;21.631310521234504;67.62452262953832;69.85802718380047;22.358807182545945;106.68729007926021;39.890203246747916;35.14803651269383;110.57504645846075;32.397974579482806;41.353971223324436;102.9696876285643;39.78188973627507;58.59454295605102;21.507287768898305;12.458946377998888;7.393483290617389;0.9923721211189664;-0.2971213480060874;0.2275079457396247;0.16898229627218148;-0.19507100624541707;0.2624711530491875;0.05112979325105824;-0.06405921975361341;0.3478606592804452;0.021806739763679625;0.01672803199222547;0.24949975325906798;0.01518483373113435;-0.6413743658149965;0.6496801165421665;0.07156022135307473;-0.026533350735041428;0.5002068829958717;0.05177471466060376;0.07793882623144477;0.10094572423755653;0.05965194180775369;0.05240324688335292;-0.0070966431593697706;0.03800114764237328;-0.538427012225993;0.8425221577345011;-0.01589862358165283;-0.09796669962995523;0.5135778188120719;0.05881168199731522;0.08678423333218396;0.051943196263024995;0.058955962687342205;0.056490056009308856;-0.06271765584199133;0.030361744415464745;-0.3977104208233473;0.9954003500790395;-0.08070946086643775;-0.1378275079955982;0.5412266171751432;0.05295052248284892;0.08705957532190388;0.021840596782513058;0.06307949530573354;0.057272603953780366;-0.09137299022114312;0.02645552659413584;-0.22332449006513613;1.1082151232477986;-0.1289547646258837;-0.0938216936719271;0.45384304217616883;0.03620364515545962;0.043442004494884626;0.030914155933866913;0.05792787938149893;0.03345924935081953;-0.060981378581512716;0.03835269694138004;21.657436192861194;26.565762898822847;14.243279186053787;41.43972967721471;43.40049304866903;52.078665558312714;22.94324738305007;69.42919187906942;70.90900668309376;12.268022790989903;87.05541676294959;67.51177171128829;10.978145758911559;70.77400408283235;73.36696068415876;21.238528467931644;13.192455400353111;11.310876100381199;10.570425797913542
0.995296997154618;0.3758969646457517;-0.13503593407750447;-0.052022465170796006;0.32725564226606135;0.1610755250258417;-0.05809635970173184;0.25798555388500893;0.3432356390661441;-0.03017068186249204;0.17402687374474632;0.31875466238467054;-0.008230735481201715;0.6188992943739704;0.509177857230364;-0.3051083586118342;0.4188276879565208;0.5151691954181937;-0.029793836750220768;0.12021016054536085;-0.02504592622885247;0.08235131673615981;-0.015173483368659589;-0.14144777878808742;0.08058217366110464;0.4549973310205605;0.8442504314561142;-0.28322894935075293;0.4629350957828324;0.4308360067380364;-0.04365929840571449;0.07481425376566905;-0.16803485755791195;0.09261004093255722;-0.061581476220565944;-0.17531484201874145;0.07942271042582888;0.31205155074109264;1.0724181482515118;-0.24267015308547282;0.43436101666944305;0.364118130491125;-0.015767321106637824;0.05552291903860034;-0.20071030054258257;0.1137320859619085;-0.06443314190111452;-0.17205493974675107;0.0842771513445245;0.1985576347067914;1.208725251357604;-0.20095254741632587;0.3460811711111955;0.2924643966639829;0.0018746720289500294;0.06644137767682745;-0.152132997973136;0.07835427220077855;-0.05197609131591721;-0.14376567993942602;0.06649097085188245;45.493408576940496;27.147454256249;8.722382523003573;21.406792185687227;69.13926204902766;69.78015115106759;22.243038311152038;108.67714100887626;39.29184933377719;35.15520693079664;112.1648230305008;32.29950987635319;41.40760329969579;104.87477559159069;39.45777298271134;58.63988979527226;21.498464156437052;12.444031144651634;7.383703198160297;0.9921170166042604;-0.30713864119237033;0.19426969138464592;0.19615951828902883;-0.20058019160437418;0.24152070997398353;0.05822454309848713;-0.06553820123440417;0.35890222844232417;0.022832515272698903;0.023537640374087034;0.2574735709889041;0.013547464732643798;-0.6743296233528432;0.6111117466808111;0.07095193428680366;-0.02731062871173518;0.5594090005062923;0.048456574845656936;0.10949375809716429;0.08090527647469975;0.06617902007001139;0.07025341036489388;-0.05044506039121837;0.04329628383213143;-0.5758534300545048;0.8168771523890552;-0.03323469571411153;-0.10341118103688632;0.5720109824777073;0.05243784331732448;0.12709073185385286;0.022119315997842788;0.06904133111889138;0.07354416536381479;-0.11142884672128531;0.037592233724603505;-0.43470506009700044;0.9819270689149776;-0.11176187718021424;-0.1601824014808091;0.5992075051588086;0.045086687202556416;0.13162555094919634;-0.008251420418184902;0.0743230223642585;0.07881618014071055;-0.13776951620336428;0.03459624825534856;-0.2551476793942665;1.1112329368096419;-0.1706512039578968;-0.10456386730106851;0.5032241410255862;0.029390976830015576;0.07477133158361982;0.0007313044175946431;0.06423211918511718;0.049729981019441837;-0.10785173046740337;0.04312241216008324;24.54803533118635;29.92779704566823;15.556921517094894;44.863303496754455;57.69728428485138;63.746482803623536;25.88915414402733;87.89929448560666;62.15999956328917;13.461326958227856;103.93853441159226;55.06578406357703;11.845256806653556;96.2929127107347;59.029460955837756;25.675066493975034;14.136906975939134;11.974606669736898;11.159793303255746
0.995372269953564;0.37455764817822323;-0.13601278972064135;-0.053237921847359135;0.3273045397641931;0.16009994834596816;-0.05850195466493879;0.25788192594553794;0.343114909395711;-0.030463042133933138;0.1730584379135229;0.3189620141082943;-0.008593877552070193;0.615778912870274;0.5103896082793486;-0.30531087942028523;0.41795427561661586;0.5120414385110313;-0.03078721893225744;0.12159000594241587;-0.02614898624490191;0.08095916390503469;-0.013885322130801183;-0.14209257138560433;0.07958339373519104;0.4526042029158307;0.8455839387983503;-0.2830852132295036;0.4629400682142938;0.4268099954798227;-0.04419430112503791;0.07622445749261872;-0.16962767029698755;0.09157495218493128;-0.060388015282195104;-0.17593696927625546;0.07861994447258286;0.31108152196296657;1.0736506257232725;-0.24241087722330634;0.4344605481088612;0.36010568007840915;-0.016806359920316625;0.05637736068114457;-0.20131127465746357;0.11256767180797494;-0.06373339922653257;-0.17236864785557246;0.08361409510774463;0.19912443197337795;1.2093589645848273;-0.20068841548960947;0.34625184995376157;0.28813420182905936;0.0005635141508584549;0.0663212347468135;-0.15265723395586497;0.07731972564332415;-0.051879751282920945;-0.14379245953344036;0.06589214272119213;45.52919595548091;27.289057452627645;8.857623239965848;21.20450220751722;69.15736600935061;69.5615668545829;22.553150078747752;108.33413504921997;39.19973956232354;35.47567883483652;111.85142606399035;32.30438030317473;41.764092613500445;104.70016729772;39.40540819157931;58.95795084377763;21.466006833816394;12.359950598457822;7.30403549444234;0.9927651335159712;-0.31355301080295384;0.17603327867487303;0.2080042280643479;-0.20391249770476383;0.23473079126019514;0.06098755293105134;-0.06596638132816669;0.36109160375735144;0.022899073677012688;0.028962921858457565;0.2596395607126289;0.011541533744851383;-0.6942662768629949;0.5891427607876228;0.06717225804496349;-0.02645314955209653;0.5902424348286515;0.042571695306870064;0.12838861898803297;0.07571282587288186;0.06639877625500007;0.07842897856831621;-0.06971629572503142;0.04414630799696161;-0.5960086972290269;0.8016479488961594;-0.04619739016371904;-0.10965128212947058;0.6064895497163196;0.042992021510699294;0.14989105984802997;0.010101664303222731;0.072845070163524;0.08472044808515937;-0.1405183318741801;0.04228295206663798;-0.4510031403101642;0.9711627552769563;-0.13276135651003748;-0.1744397632101402;0.6316080125697655;0.03449106117637689;0.15542834080090795;-0.017437064268825794;0.07885962985585611;0.09046101859244875;-0.16197514911372365;0.04034420347894984;-0.2651126372403432;1.104659424200992;-0.1980238567657621;-0.11431728136054457;0.5349518449157037;0.020628240072013755;0.0895767064468212;-0.011735100443067116;0.06630144432462627;0.058114262690141666;-0.1350902457243849;0.046142285115846886;26.357156710493626;31.268103328341198;16.72632396651731;46.98433412151396;62.84162657517222;65.4359618222642;27.188013864361217;93.98995257957213;59.49739929456814;13.819330595155055;107.94240488755143;52.8871369560105;12.13182554159836;104.29832880168746;55.22812698001994;27.84380733789045;14.740731460012427;12.483572338268159;11.635078456449184
0.9956842944993648;0.3735940804110306;-0.13713019700699633;-0.054142269650882514;0.32700589128578583;0.15911906964619926;-0.05876586184603519;0.2573521670563801;0.3423670970514367;-0.03004591907950797;0.1688739361916831;0.3195793850942256;-0.008314922695276108;0.6081767546653061;0.5130775445506712;-0.308457181553599;0.41693161885715313;0.504592941207862;-0.030577333447802;0.1254256274291712;-0.023735065906587687;0.0805851126424362;-0.008787449515833698;-0.1381000194676681;0.0792186238320088;0.44624106229871674;0.8484045525063296;-0.28474309404276543;0.46402445681627047;0.4205007674830707;-0.04403933130888787;0.08468177476109101;-0.16641262254116632;0.09160128611786815;-0.05291647539550001;-0.1764891004856606;0.07867868691863013;0.307593811008979;1.0754587528494202;-0.24227709910736805;0.43477098882970755;0.3535831781120026;-0.01711402302945845;0.06434541418573483;-0.1985777426346986;0.11245337013223411;-0.056688104029144336;-0.17217715782566168;0.08408532394744245;0.19915380263085816;1.2083689414288974;-0.1987246389689782;0.34629989228871993;0.2805500786730671;0.00047025264982337225;0.07151822432104431;-0.1497586676833188;0.07706126611816494;-0.04641187374938864;-0.1410778963857427;0.06604578735958587;45.593980766389734;27.41979040551336;9.459826058298981;21.047038128300954;67.50104831547701;69.16985207654807;23.346075419983446;105.42062768269798;39.62065115671331;36.15037095710887;109.40303631074649;32.410822718373346;42.468975182894816;102.18439275674491;39.65447635366339;59.57850436788365;21.405756712762912;12.199813227464823;7.1480413036929855;0.9944347715117948;-0.3158116295663884;0.17769137615688485;0.20089420641548214;-0.20480781933711253;0.2460604020660103;0.05844565698465505;-0.06523869865773821;0.3532270730433143;0.02185386992445002;0.032360837569475595;0.2552024700143325;0.009272233813878854;-0.6984764913619125;0.5901906750919084;0.06000879105790678;-0.023748779756851447;0.5857629336998458;0.03414179724508212;0.13082950394349932;0.08899622018570234;0.059140502308778896;0.07447405919182426;-0.058606760210305836;0.039666357387118746;-0.5950765656672906;0.8019207993863772;-0.05298030299211614;-0.11660665093066408;0.610731021493788;0.030669370532727416;0.15013687551388408;0.020513707485190068;0.06893752435371567;0.08812582736369876;-0.14399294966495285;0.04363911501633198;-0.44206444915144705;0.9666310517933899;-0.14029715238938362;-0.17820670298932784;0.6320272334720826;0.021499541020920953;0.15268297374980103;-0.0007346277660426514;0.07512832258873005;0.08946197462835755;-0.15789389239706553;0.042848520171857155;-0.2485241503312806;1.0894517275124476;-0.20643031896273265;-0.12237136749802702;0.5440984297121781;0.010239595219224863;0.08350084126573117;-0.0018931139347279217;0.06324816599132256;0.056463782895022525;-0.13683354181534582;0.046918488250438734;26.996495417743915;29.871314704697788;17.726442812554623;47.386961854034446;59.031850708791985;66.6670910355215;26.41548107903624;91.58378614154708;62.76286489982296;12.878192018188418;103.47794959585237;57.61633288537004;11.51974125308083;100.45121488412613;60.78193138414921;27.26322855963906;14.860217026956759;12.760849441955068;11.948684930135931
0.9959963190451652;0.37262143110849366;-0.1382293781063129;-0.055034732382981365;0.3266937788302398;0.1581400983195173;-0.05902413440669714;0.2568147957462796;0.34160959338847396;-0.029631503923406965;0.16472328222907745;0.3201743931209733;-0.00803837263588993;0.600620893930348;0.515712400251476;-0.31155607959665427;0.4158982937118511;0.4971944083856482;-0.030368031076577633;0.12921609473310408;-0.021344386444695364;0.08021078509037129;-0.003740742700846313;-0.13414092368108052;0.07885355257580733;0.43991984049388405;0.8511538355487485;-0.2863698346028957;0.46507447175093913;0.4142342103136298;-0.04388370991813408;0.0930492038900495;-0.16322173227161207;0.09162273499248158;-0.04551790643176797;-0.1770267436959856;0.0787328677624895;0.30412589963300446;1.0771943514336275;-0.24213245988989746;0.43505636596359853;0.3471088800062488;-0.017417708602936847;0.07222955800773227;-0.1958618716826522;0.11233455579224745;-0.049711274458709834;-0.1719789253301781;0.08454754273668996;0.19917283477511774;1.2073280158773898;-0.19677072341088708;0.3463299880970022;0.2730285890836245;0.0003779115817600529;0.0766589957260383;-0.14688189464219845;0.07680153776781477;-0.0409970108064941;-0.13838370137182573;0.06619454658408494;45.658108103632344;27.549921886996945;10.064452944650709;20.921835067113058;65.900907889533;68.64435964970323;24.14185897381368;102.5498174401325;39.99089186495181;36.82666088862242;106.96552775827456;32.482271731943534;43.18372778873026;99.66760611332737;39.83316139432308;60.195061582588465;21.344160624229932;12.043192631636678;6.996743609826449;0.9961044095076184;-0.318054646795828;0.17934056143594881;0.19377721751423926;-0.2056932201989833;0.25737454596265597;0.055901897868222854;-0.06450820631980786;0.34534868763574056;0.020808002280997034;0.0357560590025403;0.2507549387081179;0.007003283948354173;-0.702652471811285;0.5912105310218525;0.05284498662052738;-0.021044231223269;0.5812574944733174;0.02571321377736047;0.1332634049304269;0.10227084210495241;0.05188196446169118;0.07051701339163484;-0.04749831838564245;0.03518609543149558;-0.5941168315514901;0.8021559238464105;-0.059758382720166744;-0.12355414117681822;0.614942366025824;0.018349543999072033;0.15037556067521443;0.030921185435873765;0.06502809554104567;0.09152589290612576;-0.14745960809444303;0.044992760884426865;-0.4331081061019001;0.9620555553301721;-0.14782375716398274;-0.18196397671931025;0.6324166502709854;0.008511507051119954;0.1499313916688926;0.015962064134586926;0.07139478082515055;0.08845907816607726;-0.15380663833902156;0.0453499596198402;-0.23192974061387947;1.0741981681705344;-0.2148241853809877;-0.1304169244020737;0.5532163169426194;-0.0001459356540128982;0.07742315991385026;0.007945556064782961;0.06019297606063909;0.05481122450124933;-0.1385698135542562;0.04769222107998696;27.60636874995061;28.54292769553065;18.76429104680322;47.78939716742214;55.50115650907813;66.83010952450556;25.665711985145215;89.1081335952471;66.06087489429198;11.940554011501506;98.68533304520301;62.630554219084495;11.098185578955452;95.86083324322546;67.00679845221347;26.674646215596866;14.98111003472542;13.04363454788833;12.278876432076927
0.9957849730055628;0.37065191672005077;-0.1389987189736403;-0.06862315025499285;0.3236202645422687;0.1679795883240117;-0.06284601551673993;0.25119684333784864;0.35139000183427754;-0.03059512934158828;0.1561102602576403;0.3225917193084351;-0.008744022240684194;0.5661296915380262;0.5293595000613945;-0.32328595462593035;0.4150654691032659;0.502103972736669;-0.03616253301203471;0.14061986274671595;-0.022316694463024634;0.0726356142910413;0.008493186296259643;-0.13245905923832313;0.07322268541874438;0.41026023570270914;0.8640609760125175;-0.2916936213451596;0.4663364745136503;0.4241428000307305;-0.0460976375326968;0.11319692010211872;-0.156828880964034;0.08717605242471348;-0.024459932291961986;-0.17993631886293068;0.07441648725119322;0.2857141813767937;1.086445724017993;-0.24252747500235197;0.436489800550374;0.3498951809377599;-0.01958475676005106;0.0899167951334924;-0.18758288632665648;0.1070398369671401;-0.031065844671869135;-0.17313678465563162;0.08005394554591568;0.19406145915691325;1.2076927961871913;-0.19364427179618696;0.34271381868987444;0.2617108401436355;-0.0031450274160395256;0.09071571294251879;-0.14271360987421794;0.07048247355078573;-0.022286108587591603;-0.14122661718095603;0.06073329920928286;47.24456311711314;27.40157728924957;10.079919609635192;20.724704545475714;64.72011727556044;66.99558326061478;25.33767421385992;97.60609585072162;39.90574683469365;37.61309234410061;102.5625231660938;32.212709134704156;44.14982429464405;94.70615711355498;38.03943798961985;61.99133762381077;21.008869053154466;11.369152214170569;6.364312502151813;0.9967914080664332;-0.32678514128255653;0.17300413701503162;0.17722909205386228;-0.21720449940641484;0.2726837272680639;0.042816489321928164;-0.07604889846124707;0.3560377790341728;0.011645547134054256;0.03131816809080832;0.2711578009610821;-0.0011081882822498198;-0.7207236862831575;0.5897102096681578;0.010873637338247505;-0.051803357846509496;0.6210828161458549;0.009264764825524177;0.13598641420710922;0.10715604304465212;0.04636343412230116;0.07566051457440683;-0.06005137890833283;0.03425500745146286;-0.5963765530797082;0.7967446199933166;-0.09763717247274115;-0.1420137885952666;0.6623499000164101;0.0006149795359170546;0.1486521946870455;0.048524365099419625;0.06417221308506947;0.09226243374626102;-0.14979472146905157;0.047720198288322656;-0.42143401424659205;0.963007545511024;-0.18203631976355958;-0.19130699574274496;0.6667894633644681;-0.004043088381858623;0.1431312807696914;0.03888536587955645;0.07438591756607227;0.08614994402654855;-0.14620162270412776;0.05080925414294099;-0.2096806678938186;1.0795815704077476;-0.24613325852063916;-0.1445418496815056;0.5801140274408877;-0.0045245002407950695;0.07114157346112827;0.02372976308434763;0.06455222963427479;0.054402806497292684;-0.13363638522012233;0.05243936831614911;29.179602573123997;26.894115687239633;18.756566448720903;45.93746733043569;57.55337005037148;72.76694678491482;25.31413492127016;84.45243425520846;72.02454736115997;12.151032722643022;90.873332821315;69.22554594558281;12.539575907019609;86.90804752380873;74.40351985041148;27.254625438916214;15.22579704404511;13.722727551421643;12.710079046561695
0.9951993762205557;0.3672311190799372;-0.13925227174432758;-0.0910012493959433;0.3179485513450233;0.18508979388806499;-0.06904665039646202;0.24149664210671873;0.36787142667388195;-0.03246672539758754;0.14404883044706862;0.325635594913693;-0.010123289833771755;0.5115567239075482;0.5496745513440786;-0.34042594987911495;0.4135336177959004;0.514665318409869;-0.04610714259006349;0.1570872135591542;-0.025613338221826137;0.059848667389291066;0.025756831681885813;-0.1321170854042573;0.06373995424516717;0.36336300706482977;0.8823560706335647;-0.2990235604645561;0.46680000640569946;0.44457946012341654;-0.04988508494596212;0.1413871332597809;-0.14787110821769775;0.07940962944497819;0.006243150990400399;-0.18414846746404417;0.06687482013947849;0.25621736179405485;1.0987772933639073;-0.24281044844065322;0.4378450310836399;0.35849677539318003;-0.02302226340024605;0.11430380135245276;-0.1750149560544394;0.09788747946450019;-0.0041615300894452785;-0.1748977127748923;0.07191126501493018;0.18494772037861867;1.2065987413191441;-0.18930363430508054;0.3358377287333195;0.24720477882790556;-0.00907452449310456;0.110851216900412;-0.13735231407627665;0.05975874537922335;0.005813271054797557;-0.1476825025376648;0.051202526377695755;49.8672073792232;27.040971824235687;9.75811114087617;20.78324954892062;64.17805634517521;63.63932126786131;26.858803466136315;91.49513709041166;39.015192979540615;38.47873048140432;96.56615810357431;31.631836807275526;45.34919464057595;87.9860024401554;34.61185891428802;64.65224910802114;20.41191947338047;10.374625253862696;5.468146941513302;0.9967757428683972;-0.3403288932571684;0.1592101124786436;0.15109172679471314;-0.23741313396167585;0.29167136470945454;0.020062931619843762;-0.0980595690269865;0.381095783365445;-0.004800376714115075;0.020207473969126224;0.31207852380082046;-0.014576342488023501;-0.7489728438977402;0.5840831133935261;-0.0624577384832686;-0.11157512154713287;0.697373058036199;-0.015085677033965005;0.13873563787407514;0.10557317639065976;0.041518612073025096;0.08817393387846849;-0.09215240546062228;0.03589884431897115;-0.5993471249676882;0.783674941327125;-0.16320726126276888;-0.17079111968851013;0.745923774686008;-0.023074638714568937;0.14471916489604467;0.0732983137965378;0.06540828087239478;0.09066869497399827;-0.15095836918919442;0.05162471529672216;-0.4050702628953489;0.9651050688844168;-0.23983987097381662;-0.2052768198548013;0.7288373275637945;-0.017454616451881972;0.13201580986358488;0.06876572247342135;0.08268197570067952;0.08230133787631046;-0.13460912946702575;0.058939824448045096;-0.18014169080852072;1.097981365783145;-0.29758031320874667;-0.1643005908659485;0.6215633465421655;-0.00460247659371957;0.06385246052661477;0.045614088872519894;0.07492230146200161;0.05474480269795017;-0.12254581577164819;0.06057942204715493;31.338647663226823;24.988627774042236;18.232445790579476;42.990140177823356;62.977329398341105;80.31537235686781;25.553038897103495;77.73403381029127;80.25454828018671;13.52180009690493;80.36900184118899;76.93723631735725;15.540528337383453;75.45663356682533;81.19875539766069;28.59483699822755;15.592088494999103;14.783046740017083;13.215195943391743
0.9946137794355486;0.362920791904976;-0.13914904710819959;-0.11286727483798521;0.3115407130174515;0.20151516194661406;-0.07499409890501535;0.2313050302412776;0.3832117849521619;-0.034232379436485175;0.13177308223799006;0.327814385036069;-0.01145953267567289;0.45637006587365486;0.5683387574598654;-0.3564862993181515;0.4109709448581855;0.5257620782784811;-0.055809801596269186;0.17294890415318326;-0.028803548043025196;0.047070315955650685;0.042738295878130425;-0.1314439300387902;0.05421444680769633;0.3161320021262123;0.8981809296513111;-0.30550216831043764;0.4660724051311304;0.4636306086316906;-0.053498303876929415;0.16886434896282004;-0.1386503389751622;0.07153908970084524;0.03654484450906981;-0.1878401290121981;0.05925804278095155;0.2264403373554576;1.1081639674923944;-0.24247331700022237;0.43807145478291776;0.36608005429056306;-0.026358146630356592;0.13809433759321468;-0.1621604373649303;0.08860148879005096;0.022415515542972785;-0.17619242347970546;0.0636882324379752;0.1754787975120296;1.202454592610627;-0.18453681648161044;0.32819521220319997;0.23225315953217582;-0.01490652288838186;0.13045240367185548;-0.13170957065294092;0.04901793328172379;0.033545047064252966;-0.1536823218348945;0.04166141595280364;52.395728923863004;26.670252584542926;9.539406533248375;21.29381966858271;63.99269764231583;59.37721045543381;28.41562937031728;85.99418565537566;37.672491660985;39.343103075901595;90.52320617838078;31.001103201043488;46.626229246075496;81.43243523578722;31.30533531504468;67.29145174513144;19.75330652880103;9.471078635884679;4.711350857180294;0.9967600776703612;-0.35369399243763777;0.1429058440687427;0.12099933626163653;-0.2587943223612464;0.3113955829058373;-0.005540350792799206;-0.12220171877724026;0.40714620257128387;-0.023203308210395162;0.00764983364397076;0.3562712477451424;-0.029590502849055286;-0.7766411360224674;0.5746689699158567;-0.14429679294151387;-0.17795853155162755;0.7791484222817098;-0.042291274532756815;0.14107787962307092;0.10323759665414509;0.035868769482617434;0.10172655313741054;-0.12763274418886214;0.03754977924277713;-0.599485858438426;0.7648587122501463;-0.23581317992722825;-0.2021285477689798;0.8356024096431102;-0.04949723015564916;0.13954176069989643;0.10066864330958677;0.0664452302947461;0.08840025949676227;-0.15145883995488602;0.05572515672790935;-0.3845779308001927;0.9623188124378537;-0.30333512922972583;-0.21983814991067524;0.7944859305811786;-0.03239000518404609;0.11885773272581245;0.10188216170382029;0.09153806085779871;0.07755074472539021;-0.12090272235143812;0.06773683647934386;-0.14608300960658968;1.1127554056267086;-0.35364548354870995;-0.18556678248185174;0.6647011994914737;-0.004665356963898049;0.05534479888088149;0.06989379668826022;0.08614372254923804;0.05483665502412712;-0.10946604467890685;0.0693783342035775;33.353981759980144;23.12609447342436;17.96692595690283;40.7727446603956;67.86544305939843;85.15998804215124;26.303654018723837;70.65099801438306;88.66449143295438;15.377508036154774;69.72210093253626;83.82023751705857;18.876318942023836;65.27417472991041;85.5274882207092;29.766332359711274;15.969372753977144;15.971835402708297;13.733512027305446
0.9935246755446596;0.35181283892667997;-0.12936649265549757;-0.14293208825543566;0.30087220334471165;0.24010622630583686;-0.08001305671457169;0.21570289038638732;0.41176246552532164;-0.03136764628702594;0.10526476998342842;0.3372359865855067;-0.0069767270674899705;0.38844714949277065;0.6074200011416261;-0.38329150433305903;0.3852085539813572;0.554287681066698;-0.06081266558777955;0.18639142760065566;-0.0255565088046592;0.04417765768741334;0.05972249928902137;-0.13246017049113948;0.05208572781845954;0.25604968543711193;0.9138134369465597;-0.3152515837287288;0.44051691269780374;0.5071334610650816;-0.06096595429991984;0.1848473971201597;-0.13788103758942102;0.06726753339035503;0.05036842290461112;-0.19567443357994768;0.05833149701039142;0.18365802092893202;1.1031082937328291;-0.23745809011971244;0.4168686404574636;0.3961065478516394;-0.037803373558097556;0.15485872968875525;-0.1554728047643757;0.07622978068689411;0.035695567591985285;-0.18050797541336186;0.05877366809767365;0.1525079680456062;1.1853478385996672;-0.16601533884276787;0.313806743705137;0.24998494524630926;-0.026651283363630266;0.14332205585247604;-0.12093224562383921;0.03642258107638911;0.04830050086710261;-0.15639431549945124;0.034484993253061806;56.86038261230309;24.803872735573997;10.657277629058518;22.942679887680832;65.19499741717482;55.680632414271315;28.020428090023497;87.38116483114956;37.248304889425064;37.52815731818837;89.961391636305;31.955051472148057;44.06693578479837;79.67011422139589;32.0253640664427;69.84592055635221;18.276489953212423;8.750090067439807;4.583310537427007;0.993180860156594;-0.3835555158252225;0.11945840529554212;0.10520405273948187;-0.2788082945058321;0.32033292405888164;-0.029019430310060913;-0.13851511301368405;0.43236704406312676;-0.04143964689655854;-0.006610904849098105;0.3973069622031955;-0.04636162723917077;-0.8155442642808034;0.5389462661236382;-0.23307695209600654;-0.23279409851286761;0.8681053104310376;-0.07081830968386943;0.14135288727703063;0.13590283405772569;0.03715132503357701;0.11870570774211983;-0.13430814366550212;0.047052630590835365;-0.5983882956572022;0.7328950936301676;-0.3237224572891052;-0.23375882428144057;0.9368216442109428;-0.07549910311934803;0.1284625470959108;0.13675465978455514;0.08034665583386326;0.08765746677557167;-0.1534036825120893;0.07065121108314124;-0.3537844714578701;0.9521621157528983;-0.38870835985299734;-0.24531573394359182;0.8774868364226402;-0.049809041355421975;0.10119332838023473;0.12991607812786016;0.117980305314218;0.07450405177504504;-0.11772566568114624;0.09197786586132034;-0.09237407829972913;1.1254853428202407;-0.4371846102626127;-0.2144682774801482;0.7320081446847476;-0.00837978628064598;0.036463456452474154;0.08887596131203195;0.10829556577078854;0.050769406140077064;-0.10950305538606216;0.08990768508716555;36.46925675312423;23.23318965873652;16.78100815529411;41.91277807453914;62.730071817388726;89.57459388513435;28.526851319550588;62.2571820838178;95.97277520018116;18.40541426449665;63.2160150129562;84.74669689639879;23.46630297154898;59.32937328616629;85.11423329735618;32.32096194886502;17.49449085390611;17.82847705731775;14.639417651958626
0.9919985280059572;0.3350685526735842;-0.11207982152573992;-0.17752219699136254;0.2866951013279134;0.2937082206904224;-0.0838147495338641;0.19615016990506887;0.44831658435767274;-0.024880661925722122;0.06861205045043342;0.35114140660648074;0.0019322310011503795;0.31328256761874196;0.6592262053410183;-0.41628929171768586;0.3414170661221219;0.5938684018365845;-0.06162012681712092;0.19669297706068153;-0.017273846623650186;0.04927335470733164;0.07560069493142443;-0.13446430281590344;0.05588776787935987;0.18849463184419885;0.9262703658108181;-0.3263326266045323;0.39548618001640357;0.5665776542008525;-0.0709559190573298;0.19027186502378282;-0.14361063928597495;0.0659685716342101;0.05007391821615961;-0.20592731022508207;0.06268605489059237;0.13246114853399255;1.0841907761804694;-0.22842480835367032;0.37872236067243914;0.44149161076651516;-0.05500950014867372;0.16467226530274992;-0.15374899467637304;0.061912203204161215;0.03747333425505006;-0.18657875328285595;0.05665524571381876;0.11966664500691152;1.1560616188008843;-0.13713537857720948;0.2940991081977525;0.29232777260854925;-0.042404641478538896;0.14972616498215213;-0.10637115340645471;0.02297402838640768;0.05169722866874084;-0.1559509846996057;0.029533647426076195;61.898140913321356;22.234228596438317;12.975494755705522;24.919546489265567;67.36848634666825;53.316621456165436;26.334149962731946;93.6033286631684;37.726223089842506;33.86153303021855;93.74637368998285;34.21103590467457;39.027528545984175;81.07865414255615;35.96661491236995;71.57926561287066;16.53041357636341;8.451544867529725;5.188417579828061;0.9865084829137052;-0.4359807359949735;0.08210074944732403;0.10296167247434755;-0.2987520788171249;0.3154311869423094;-0.05406880248582566;-0.14732956792149704;0.4579596383722959;-0.06254501067499538;-0.025530191357991994;0.4391057122457037;-0.06801848092898231;-0.8690195032329313;0.4606404861786164;-0.3449608685277195;-0.28206692208043244;0.9756278739886863;-0.10570096392520441;0.13809644081996672;0.21593004985121222;0.04677258960144726;0.14207475938338257;-0.10635524073751773;0.06745765451801194;-0.5910103200974377;0.6734805758270521;-0.4439940489713647;-0.2698296583676667;1.0636308450222356;-0.10524448548076956;0.107203287950998;0.18903922447876392;0.11177527643681197;0.08795088462394121;-0.15628237546139964;0.10090298813140354;-0.30210253319322056;0.9239142618594365;-0.5134273831095286;-0.286851627485137;0.9901769061696986;-0.07308671501118626;0.07402217580202372;0.1560158427806106;0.1697023142057028;0.07238187893815672;-0.1257925698322338;0.13869784641193805;-0.004213019476901877;1.1294911603528328;-0.5661261323236982;-0.2563319341213857;0.8354475849745246;-0.01713671483758091;0.0012481774624455836;0.10429654979869474;0.14695404036654405;0.04052738035950308;-0.12457360809462391;0.12775066716737535;40.95725014602957;25.404649503499574;14.426559656241544;46.61780929832096;51.180049573677955;90.22018949909878;33.18858765609162;53.4642844930974;100.12072872758019;23.85975182721474;61.12082038363212;79.00541161676033;30.20169453011313;57.64428864918276;79.81370917823695;36.58361315581634;20.38951054173634;20.641524480094166;15.942540797753198
0.9904723804672546;0.3183792148963341;-0.0958372592786822;-0.2083265470304774;0.2725518633216006;0.34136508070349;-0.08692884347778071;0.17748548304603853;0.47976914380636115;-0.01885802328529761;0.03488685553896888;0.3623435964977588;0.010051036613885301;0.24339283062519992;0.7037015323954927;-0.4446329133570382;0.3000278190459536;0.6274673190174013;-0.062096526208069575;0.2052597762242561;-0.009645266959283097;0.05371371844397596;0.08976594633058148;-0.1357247554880929;0.0591200980173463;0.12607339528343287;0.9337227717441475;-0.3350631052923224;0.3527381617384022;0.6184117382130174;-0.07976939782020398;0.19441678655205405;-0.14823093441653445;0.06450508071668791;0.04959383091752776;-0.21441071765612651;0.06639369975821166;0.0851988323799761;1.0623558566274318;-0.21921992763972487;0.34232528860997635;0.48102878619823075;-0.07047306653313946;0.17292909145966007;-0.15152730119465696;0.04858994781602282;0.03893682732207399;-0.1913288480633834;0.05448354801138543;0.08920272308071768;1.124464652598987;-0.11021134605157809;0.27487952264516907;0.3297195804176569;-0.056596180767407786;0.1549359395859673;-0.09263903372366411;0.010608931475899721;0.054577517499166575;-0.1548880772777032;0.024892208072098645;65.60830637774261;20.32983210886743;15.252924256475524;26.45186066401041;69.39359281165652;51.46161380103008;25.122672405777216;98.96762723600243;38.14931636696235;30.81357161992504;97.03568610910472;36.340569889971235;35.09539141376087;81.5959226541407;39.821186055311884;72.43735361392328;15.24768140414399;8.49566868044049;6.042989750789226;0.979836105670816;-0.4960751448468299;0.027353973660565377;0.09669935138765828;-0.3175789005426172;0.2989987885325107;-0.08746535146866513;-0.15518613252537192;0.47985445493969364;-0.09016752139503932;-0.051218628424882506;0.4842413937813274;-0.09624622542571602;-0.9174361744210793;0.3371252606551834;-0.4909868266444025;-0.34242450283744297;1.0964071757792537;-0.15128441112440177;0.12934904370167846;0.3213133989994497;0.058810456598554016;0.1704492075709443;-0.06402710300405925;0.0939514183601703;-0.5627480616967109;0.5699281179663345;-0.5987458220379887;-0.3120923605871105;1.2087158311724981;-0.1436559919269125;0.07421219073015393;0.2564336940105451;0.152342959599282;0.08569123758837163;-0.15556445219213647;0.14015461993579023;-0.2206406058489283;0.856353595183122;-0.6722921352816734;-0.3362418604226068;1.11774260869807;-0.10342772938709979;0.03376910466725653;0.18778666487187126;0.23689694637291914;0.06721605926685452;-0.13325732557853148;0.19983710558662168;0.11923084545226979;1.1008045352251956;-0.7292972760602181;-0.307107164018013;0.9547712666724618;-0.028865289421597145;-0.048047359566880755;0.12269991794598467;0.19656655902553194;0.024970912159805306;-0.14187177747159105;0.17680549727545888;45.6994354742943;28.314687754658692;11.724196204439174;53.25900213324326;42.70714600599026;84.41946203617064;40.84971212499375;46.695467410067565;100.08833989415312;32.247941826846706;60.77222347559236;71.0906884885661;38.88949517343766;57.884362702848996;72.59176331946468;41.15280384344762;23.590022495788965;24.007612613784598;17.23710998493389
0.98072327947195;0.31675140451169226;-0.04020035978952671;-0.21568912842834004;0.2622086579866035;0.3878478632413803;-0.08817791965211899;0.1603920831607696;0.5091378662907529;-0.020052242156639734;0.01736264713920164;0.3853289668971976;0.007228962084249197;0.22096876637375312;0.7376770486694463;-0.4393749721900924;0.24420616470915266;0.6532864121288527;-0.06740742898818075;0.1922969080730547;0.06183649202909648;0.0420143871759651;0.09515824394235463;-0.07423100600449305;0.04942720030459245;0.09823736388847244;0.9394865426648206;-0.3281988063475339;0.28592291395487224;0.6649285464384507;-0.08372645809190471;0.19114648153199917;-0.06466976204580424;0.05127316022133203;0.06052468424619874;-0.1574537238894188;0.05573084517869593;0.05068158580736273;1.0544191462468158;-0.21260590513110297;0.2820991758807741;0.5384905198040083;-0.07995501660640937;0.175297530210457;-0.07897237328446814;0.03185600827474656;0.0505545216740973;-0.1502495458064948;0.04454046415238619;0.050269405531799975;1.115455469621412;-0.10369786338808389;0.23447489478998196;0.38715804528561226;-0.06619470587202195;0.1528757730275177;-0.032122327393447225;-0.0008372016379366126;0.06280944338008726;-0.11517034403474342;0.017521080588130067;61.89241169512376;18.5278838801414;15.248171346403387;24.45468927104752;54.21911718352395;54.080353887046854;20.9933835735742;87.21931709566313;48.29248723209122;24.856221626645034;87.9001480177712;46.36056343037091;28.569710615643707;70.83069861131479;50.009973254026264;66.70368583864958;14.345453195368668;8.368184246063878;6.083583640741638;0.9783836261083318;-0.5218653402359992;0.0024678273608527944;0.07679016065440061;-0.33165375886735954;0.30616659567872334;-0.11074533496063961;-0.1641394160555043;0.4965266003787011;-0.1056308716653686;-0.055122944549168794;0.5059919190669362;-0.11177512870108217;-0.9033456702432932;0.2714139301603793;-0.588308280797708;-0.369280708964224;1.1584849607508176;-0.17735246170550337;0.10175840703397149;0.38371429662493617;0.06262102661215561;0.1696376332288248;-0.028349883422333876;0.10665589686718754;-0.512616706625985;0.510417050569481;-0.690433593168728;-0.3366683558585263;1.2765928272519025;-0.1646889827073171;0.03266941200027861;0.2893719864694372;0.1698883375479455;0.0734289075723872;-0.15108069004128494;0.15783193440402185;-0.15232328784582427;0.8108372090446736;-0.756108340153195;-0.3635962356136038;1.181740251878441;-0.11768952228388202;-0.009091755925599755;0.1965615826301727;0.26337390604613903;0.054821550044846734;-0.14332114072480018;0.22466183215787586;0.19440626620390536;1.0745156028306295;-0.8066773727627939;-0.32984061202200676;1.0126634972484778;-0.03807934480750268;-0.08845185195542293;0.1298758771176051;0.2110680205994759;0.006062963377440833;-0.15269512094501617;0.19338295376144288;47.59292035186863;28.378862423935484;11.854036098482595;56.57997138287971;36.71910048441351;80.75774927423669;45.17651530045662;42.552946098645016;100.75830635106932;37.5080327508826;59.92989491745062;70.0625038757337;43.19801291347081;57.01787640215849;71.62107333967748;43.27769584451809;24.965966097018494;25.029963429631774;17.169512866428313
0.963312288517913;0.3292760593583123;0.05664471984615785;-0.2031316678320976;0.2548278844866415;0.43893585907603966;-0.08807176024537332;0.14332250108361555;0.5408042967680791;-0.027931718831733128;0.012703565019008479;0.4221956330047398;-0.0057467263819037;0.23959986982316286;0.7673439970748878;-0.4042318543961096;0.17016123518891735;0.6762218500200565;-0.07778362702272039;0.15899542288458415;0.19847531600374907;0.014632235582514056;0.09339978092859967;0.05009030532576128;0.027177488178113364;0.09898966164117982;0.9464528439270062;-0.30729149208959045;0.19114740502126196;0.7129421884726999;-0.08389567707504199;0.1812778572098055;0.10697274988746647;0.026168937730848437;0.08302214089552007;-0.035899547795477466;0.03112058603645728;0.024235416038290675;1.0606107298801721;-0.2081335965893514;0.19479740569403112;0.6192756830747369;-0.08519317539000186;0.17299076077090741;0.06438168195905764;0.010391306597898324;0.07265203671548241;-0.06389960159399007;0.026657609635622366;-0.00020487357212758245;1.128449486955444;-0.11518015107992877;0.17131413086789568;0.4694900284892378;-0.07278408240620315;0.1443861017816286;0.07679653875077876;-0.012633543387200508;0.07686384411938713;-0.03672103252933313;0.00696616251990429;51.03587522655519;16.71977783248532;13.27606023545998;20.559967046625772;26.367512603294944;25.337042061513547;14.420897903898299;46.37095423988737;53.65546825140526;16.343068016915648;53.09815058834997;61.927993397843416;20.053253463584547;41.846912816174175;54.253608321913035;54.46764186817392;13.701003305886307;8.156665754118537;5.430826839866341;0.9817948833813018;-0.5161350477140471;0.019889815991025094;0.0497728302234356;-0.3460752115866876;0.34774256786812674;-0.11847597455038664;-0.17661523106895893;0.5172792635614416;-0.1054865217684225;-0.0343943456881855;0.5095858701504071;-0.11124344386347611;-0.8495283565681587;0.3013426716931636;-0.6171057017900747;-0.3604947631396897;1.1691894435448054;-0.17821933556044206;0.06425268645611902;0.3888312645791294;0.057686021294742026;0.14067848942864314;-0.012415167203574693;0.10277149861748693;-0.4688479348340901;0.5361174053547694;-0.7019684762704653;-0.3435397246454034;1.2735919194139314;-0.16417352640984798;-0.0046793388641191485;0.2811902363008138;0.1606354264527911;0.05575441396832128;-0.14832981921037047;0.1499662218407511;-0.12530947008802362;0.8300616969342646;-0.7504571473273791;-0.3681922863908588;1.1888706273350746;-0.11257477896491379;-0.04178326788674434;0.18214586838919034;0.24273907379522636;0.03967916601108425;-0.15764757292533726;0.20677320523200257;0.19634776801909956;1.0924288019567123;-0.7857900334784862;-0.3233012006399491;1.012846276131464;-0.04267834083677213;-0.1086549162424341;0.12586869887766636;0.18706444538351674;-0.010584754091345922;-0.15737307594797945;0.17329316852621504;46.69197035020846;25.54415046216746;14.744914079504127;55.31762814363942;31.214882675172813;81.6188914751331;43.81995540576684;39.2573269886779;104.65738416751863;37.42581305119256;57.69231547700998;75.76085829538852;41.931263574526746;54.50508688238021;76.43206009546964;43.12163732406116;24.62530246787069;23.76110013731534;16.012688492972583
0.9459012975638758;0.342291205401522;0.15859073690504644;-0.18980217910056826;0.24692216774822842;0.49249974366102617;-0.08791369187351032;0.12527327729793267;0.5738641553260905;-0.03621395919525868;0.007790975588046095;0.46079356084522183;-0.019406827140492047;0.2590921028872476;0.7981793894570208;-0.36701446921963027;0.09210409131384205;0.7000169945018023;-0.08866866234980782;0.12384611757923096;0.3422487529863828;-0.014208270844590013;0.09149907233562823;0.18097164795632253;0.0037347371473529165;0.09972979245371366;0.9532908151454026;-0.28511504740464544;0.09125037794279042;0.7631248446918397;-0.08402977090291912;0.1707911401857279;0.2876524052161398;-0.0002790212878127626;0.1066678478088643;0.09211325163335088;0.0051901575340923345;-0.003624568467723557;1.066572946124395;-0.20331497038119828;0.1027681465623419;0.7040152713184763;-0.09066407192066514;0.17047086945265535;0.21529658394126747;-0.012216023586592585;0.09588206357145558;0.02705861387088782;0.007813338956960712;-0.053353096165162754;1.1415388679282137;-0.12721022184022085;0.10471717337650079;0.5559371024688098;-0.07968430357904834;0.13537078059922159;0.19144540282410574;-0.025048198155142556;0.0916224311594853;0.045903703335586625;-0.004151600146379744;40.44115011626973;15.261094816171118;11.38514116530066;19.298587885176786;13.296610043206645;7.668536572558125;10.359316790863163;24.62359774667655;18.609619322923866;9.105129371755211;30.314534558970003;36.52375417938946;13.341956002982991;24.481697181316026;28.295361621825993;42.554311898280496;13.294904967999257;8.318579670755227;5.073052302255775;0.9852061406542718;-0.5093492256424287;0.03649550217657447;0.023817173703983056;-0.35898599620800026;0.3866098609867153;-0.12556663622732117;-0.1880951815945762;0.5358092352051727;-0.10508130440837855;-0.014489906867256335;0.5117309623772442;-0.11045333670776702;-0.7959250147462663;0.3291923164531844;-0.6430738859561196;-0.35118188331004163;1.176461592306838;-0.17859664244382265;0.028233058557006342;0.3927383075403488;0.05282184486575782;0.11263610906436212;0.002850464612873287;0.09879753327760964;-0.4258156950660441;0.5593298345882678;-0.7112180607766386;-0.349238770549709;1.2674967367552858;-0.16326485435458626;-0.04037428251467282;0.2726558805122348;0.15138238467377138;0.038715705226196544;-0.14532414211988234;0.14206642025959554;-0.0991658259618291;0.846338350363922;-0.7431533738217917;-0.3716535948119044;1.1926759408945602;-0.10739972469899556;-0.07293172773283763;0.16790250524264178;0.2223965103085978;0.025101969403448665;-0.17094483039738126;0.1891472233787253;0.19770653717420028;1.1067871985057813;-0.7638304327855405;-0.31623030840270316;1.0104553251403512;-0.04696704160127609;-0.1276945587907096;0.12171884255512241;0.1636422704734765;-0.026473779347583576;-0.16144672513970273;0.15364760738206706;45.6012295669819;23.198446676004927;17.45505242005424;54.11815623990415;26.084569116665236;80.80007161125819;42.69100427459765;36.481693203620075;107.6081208450751;37.409926935175456;55.71022321119163;81.00843476037196;40.72515182625236;52.37518446414266;80.54393494458267;42.965859524760866;24.203504088464054;22.558706198949277;14.958151728714556
0.9335163532694052;0.3491070018953545;0.24218535154618293;-0.1709058427025761;0.2376444067478302;0.5340898525503753;-0.0780084648033412;0.11308718388998534;0.5845003557545513;-0.03419546399743223;0.004997966869947528;0.47604468199193684;-0.021212894226847318;0.2797859241740853;0.8412516681460639;-0.30439429075145497;0.03613860489915828;0.7084108687757928;-0.08078265272426433;0.08680111489525655;0.42039007333649375;-0.027101577204804078;0.0760580121638295;0.26028979296665783;-0.008860209050879168;0.10974680865164105;0.9665258599465094;-0.23191248359120406;0.02423572133562595;0.7718778871190446;-0.06804554207218487;0.13901300244623374;0.39135342692051933;-0.014027087751878229;0.09807128811021251;0.17978446802003728;-0.010181152303118524;-0.012924414331465768;1.0650329043166018;-0.16097241274173463;0.0394107496837966;0.7300908231970186;-0.07396338914473233;0.14438608234499029;0.30852609133546455;-0.018169465263641993;0.08941885351247386;0.1018247109882765;-0.00168850889031815;-0.08450760669590475;1.1317850790394954;-0.09602600352988398;0.05629760954468644;0.5886633405205831;-0.06561569185046291;0.11014013540856976;0.26279982735090496;-0.023072003681835727;0.08111782652232177;0.1105733886440991;-0.006078958217110369;33.33878964221257;13.672722310073725;10.361218558880019;19.540842805994597;9.176159599354875;4.934255969041601;9.56154029126088;17.991164974015632;9.094409667734931;4.694678348889995;22.08944090849029;16.367582972917145;9.801319242002588;17.279604123343145;13.659147933838824;34.581712914556576;12.709831766895581;8.52858144322944;5.169425819676606;0.988617397927242;-0.5017141592754298;0.05222613419695901;-0.0009568623671393148;-0.37045538120314914;0.4227356784185059;-0.13203047197220893;-0.1985952761698423;0.552223087291199;-0.1044534977607145;0.004499701686569071;0.5125958867452617;-0.10944660903013981;-0.7430429843203037;0.35495750462264924;-0.6663246987660902;-0.3415042346597249;1.1806791553088567;-0.17854485392320615;-0.006135697852403032;0.39555516470477425;0.048067789051877516;0.08567029685074573;0.017382327684713178;0.09478544764307316;-0.38385316786405815;0.5801489431912118;-0.7183898309656445;-0.35386239926143787;1.258774187392747;-0.162023640029519;-0.07427589051420169;0.2639004328783729;0.14222165330659375;0.022399545574859507;-0.1421271162777143;0.13421590989056556;-0.07403930811656809;0.8598914008115427;-0.7344868226614597;-0.37409448692878056;1.1935544931898292;-0.10222396440026968;-0.10242848642104434;0.15395114726043413;0.20251105604972114;0.011161401349879623;-0.1832151404431209;0.17192547968304694;0.1985454669789121;1.1179138299615046;-0.7411586146583746;-0.30876830304756897;1.0058522475164622;-0.050943325953039256;-0.1455332648318627;0.11748648098174733;0.14095915757400543;-0.04154495949949224;-0.16495467506712236;0.13458420942315072;44.406251551885084;21.230114164147476;19.9967207181055;52.996966170343285;21.489536352822256;77.74603438026537;41.78112188531375;34.4823920871983;109.29738448809579;37.45041793498208;54.18988045886809;85.45318845525763;39.57672292718409;50.80056917413747;83.62909599387957;42.81352820675112;23.716701101344505;21.43200721167518;14.00625011642863
0.9260237699994316;0.34761666492008203;0.3011719515840498;-0.1468535567126291;0.2264015133924916;0.5585456829868914;-0.058725093420422494;0.10688294298159279;0.5694025208059313;-0.02197497941540978;0.0044465208000576;0.4649067926467793;-0.011108814570835335;0.29894298430747857;0.8894188679808512;-0.21915202753348212;0.005316138953737943;0.6975117587863838;-0.05447861633938474;0.049793109773100294;0.42674747121147144;-0.023317268466678632;0.04785866014456203;0.2824303418176384;-0.009916794521686501;0.12772361424387232;0.9803533881601268;-0.15031271631981735;-0.006236316432712877;0.7353293871506746;-0.0368357966461971;0.08754969562316132;0.41061120759457354;-0.014311473119511411;0.05773097486382684;0.22122096237589067;-0.01411639891631906;-0.003269085377786387;1.0508176371686504;-0.0834961758862936;0.008136125982951157;0.6929853096294987;-0.03608378554808661;0.09598692999101306;0.33741734697404624;-0.0072327117183301004;0.05363404884613763;0.15537904942049663;-0.00136833006722797;-0.09157692551442503;1.0944119064677689;-0.02371870110744183;0.028582094146406986;0.5633756851430552;-0.031429702570403235;0.06996102721160631;0.28562145661465926;-0.0069141808430848856;0.04595756745753248;0.1528877408213987;0.0012086286493109618;29.065767396315067;11.899586507185443;10.11040581706573;19.900300069479716;6.351962694571138;3.1655774261279337;9.759221849618047;12.5443540479773;3.0315049050897898;1.7783351238347913;15.302531455770714;3.2410759455234888;7.925494557959175;11.00516197047362;3.4604750210040267;29.73418008305835;11.839372769672202;8.591563453798983;5.66340257461947;0.992028655200212;-0.49342373504677317;0.06705072803454655;-0.024472896206545185;-0.38057356097993317;0.4561516124715741;-0.13789226999900037;-0.20815039316404024;0.5666573840876333;-0.10364048981862149;0.022517210382070555;0.5123519041287501;-0.10826351636578244;-0.6912981373741889;0.3786789084199321;-0.6870122536250821;-0.3316076640076374;1.182229713178818;-0.17812471587955686;-0.038749250719357815;0.39740733791891547;0.04345488439014671;0.059893615994403904;0.031141326145702797;0.09077982760820914;-0.3432205321685202;0.5987071317460239;-0.7237053521250255;-0.3575163708363919;1.2478784176531024;-0.16050870593402572;-0.10630439919129554;0.2550405516011276;0.1332298562146771;0.006864054661224327;-0.1387968683771559;0.12648454124772632;-0.050032838116358266;0.870970671213238;-0.7247335606343094;-0.3756343464272757;1.1919085722242617;-0.09709821109240661;-0.13021697177628694;0.14038723142068427;0.18321299921838613;-0.002095587348869673;-0.19448268147843853;0.1552196362578724;0.19892933222987924;1.1261535866613412;-0.7180962735525536;-0.3010430629534994;0.9993926108261751;-0.05461216891508121;-0.16216518509488;0.11322458520971175;0.1191331707470843;-0.05576572791633975;-0.16794203824209383;0.11620766798088179;43.17213349412578;19.558653534540433;22.38170230397402;51.96572583905115;17.62581092420128;72.054756959147;41.07703767323378;33.420271533210816;109.53779975200742;37.538315046334546;53.314846882157596;88.7763733303542;38.4831267040276;49.89128613111204;85.45628495711365;42.66745804456409;23.181465580731818;20.387085293783162;13.157156750353936
0.918531186729458;0.3438568440179968;0.3555867761387811;-0.12285495622172057;0.21412453189481032;0.5781943227832698;-0.03988096661534594;0.10022926724870529;0.5511343136763361;-0.010135186228063092;0.0038890570334225633;0.4511289480523821;-0.0013669000850510295;0.3152648704294618;0.9295324627727675;-0.13612298006556478;-0.02420971522641324;0.6824006587846833;-0.028945804448437334;0.014050467912436021;0.42996488046448;-0.019539984363977157;0.020556904334345857;0.30171762118465256;-0.010861127453198343;0.14406583207041632;0.9870011114955952;-0.07123090576651564;-0.03534932635939372;0.6954236866449607;-0.0067277796918585936;0.03772308570625867;0.4262797183461908;-0.014487478437335286;0.01874676930184483;0.25938107868863247;-0.017786766340760714;0.005990839634646152;1.0301616198844623;-0.008808263034564516;-0.021841274823441222;0.6528309713178324;0.0004007352249127722;0.04903537840864436;0.3627943494603816;0.0032798600211069178;0.019035946342957064;0.20557527836216094;-0.0010528040180549808;-0.09772582330905259;1.0513062940861426;0.045622358127322064;0.001872684242625934;0.535398577941359;0.0014896131741222948;0.031048945824429998;0.30553895142400667;0.008591640286169589;0.012008554525081315;0.19234655981000381;0.008173094036757436;25.544974437431886;10.353302404742976;9.850474911928723;21.38473124156473;3.903589820079676;2.096136712161632;11.746653120219582;8.08456017147656;2.178495024367009;2.30981978617386;9.625397962032128;2.5382242421999908;5.97586140814621;5.784177384497816;2.376771061273892;25.55261733730722;11.049590430005834;8.737330086272674;6.373636636224254;0.995439912473182;-0.48465401772701383;0.08096176727738583;-0.04669249692548532;-0.389443784701399;0.4869394546318005;-0.14318511233036674;-0.2168090774879055;0.5792671033107473;-0.10267743198529827;0.03953439350668857;0.5111653459441833;-0.10694143609184871;-0.6410162452472306;0.40043235014580253;-0.7053181617268736;-0.32161902147511506;1.1814929023884972;-0.17739471618514135;-0.06955585819153712;0.3984198187828093;0.03900628998997033;0.03537626318541809;0.0441104199711106;0.08681795453905736;-0.3041089816364911;0.615161623933192;-0.72738841324831;-0.3603092124417351;1.2352348479501558;-0.15877499553460492;-0.13643108777445018;0.2461762582640283;0.12446784436117359;-0.007857923310353813;-0.1353848918673373;0.11892849735420158;-0.02720993138150895;0.8798362599468929;-0.7141474119140703;-0.3763917325042382;1.1881272481935123;-0.09206399934362747;-0.15628456121373038;0.127282937743472;0.16459968538508182;-0.014643543958766823;-0.20478819872818943;0.1391128675449923;0.19892177055737761;1.1318547677976158;-0.6949213188845197;-0.2931672644020017;0.9914126554268988;-0.05798401695838801;-0.17761002967045664;0.1089782072185207;0.09824589549671071;-0.0691261053944257;-0.17045728977483207;0.09859182229879138;41.947827020825855;18.124782567764292;24.621011544592715;51.03213641034105;14.741793417092136;63.93081935995658;40.56194823613986;33.29858211028491;108.32620098453319;37.665644251421554;53.18037649121902;90.78088340750499;37.44162613054041;49.66115867940867;85.95965480106045;42.529966977895874;22.613804710791825;19.42725603260646;12.410762621134142
0.9110386034594842;0.33822558371523936;0.40489077192380035;-0.09942166927252914;0.2012233396899665;0.5932816082111134;-0.02182240846108093;0.09333280439143984;0.5305333358953915;0.0011209327655106439;0.003338474007463625;0.43537759588453934;0.007852660795569072;0.3287941785059848;0.9618486550574703;-0.056794309137825634;-0.05198122306034699;0.6639922396926723;-0.00462889681301357;-0.01983023828913693;0.43041090145700045;-0.015850452010849222;-0.00538194665187442;0.3181326071207553;-0.011688445986616483;0.15864807205974896;0.9873271995393209;0.003973698726196749;-0.0626632145999033;0.6534925060392138;0.021780984611350262;-0.009617421861227788;0.43852092534080356;-0.014566421323470639;-0.018227300778185556;0.29389659606083;-0.021149824758737425;0.014710236905262524;1.004410498645589;0.061864852781658056;-0.050054035915685295;0.6109218720703505;0.034895655841553706;0.004345030959333235;0.38459858914968015;0.013200045879724556;-0.013792661985667197;0.25179622651628936;-0.0007481066581720322;-0.10294973979843344;1.0042006538667678;0.11091118962044533;-0.023393267612971877;0.5057125220124528;0.03260693795038936;-0.005931209527960144;0.32252675386983537;0.023201038444968174;-0.020163886092589543;0.22849480168158573;0.014708880552665955;22.710044943529088;9.007826316876494;9.58130676132245;23.501946325144242;2.509425227217595;1.6675902914207315;14.698260345708785;5.680439615847961;3.1792879064617354;5.519693856629098;5.480157546222866;4.343247869355114;4.107765094287749;1.6479672772789402;4.005117654405806;22.130941000481997;10.323920829749706;8.915660797171604;7.210690305883736;0.9988511697461518;-0.4755602499156608;0.09397058793984106;-0.06760872442014486;-0.3971756865092126;0.5152175859928446;-0.14794737899294785;-0.22462883199008857;0.5902158716191221;-0.1015963639673718;0.05554708002404974;0.5091922922418346;-0.10551404133717898;-0.5924393597928295;0.4203185641988924;-0.7214388528553398;-0.31164528477507264;1.1788275776933306;-0.1764093229302374;-0.09854735876756038;0.3987124222296704;0.03473805344678207;0.012152238068497695;0.056290668379836074;0.08292990748478676;-0.2666478341069502;0.6296832773321188;-0.7296560167739001;-0.3623474960413978;1.2212299280426644;-0.15687228546019238;-0.16466871266466898;0.23739059360987444;0.11598166695608472;-0.021754793938065974;-0.13193546622699376;0.11159100333804198;-0.0056005033952766445;0.8867464620914651;-0.7029549116867683;-0.37648002472185493;1.1825742773093153;-0.08715401651194114;-0.1806538830148809;0.11468929118274149;0.14673868165918236;-0.026474994982509558;-0.21418398762231686;0.12366263502365718;0.198583089864654;1.1353550689638496;-0.6718664089740457;-0.28523725445401926;0.9822204918917652;-0.06107324614227857;-0.19190697619141037;0.10478441376661973;0.0783469433896035;-0.0816343628860919;-0.1725497138517705;0.0817832830474043;40.769302918221385;16.883977914090934;26.72489255188945;50.200017496783396;13.099434411338498;54.56573460524594;40.21678890960918;33.96948216218901;105.83526138786627;37.825398743587954;53.75527924529025;91.45232412454568;36.449602451064806;50.0302589368798;85.25118626816942;42.40279558039667;22.02838656373806;18.553484724735238;11.766491311153553
0.9264322232917876;0.32020133297010284;0.40323774802852125;-0.08343272742240217;0.17863337702387766;0.552751494690608;-0.02263289290443703;0.07117864007638347;0.496952990487451;0.0007401369404779307;-0.0004652043930061445;0.39781447307680196;0.005762944732201192;0.2684284929295639;0.989837804642172;-0.07899153056821383;-0.03708466607764074;0.603605576116233;0.0022416082687322235;-0.0048257838511644455;0.37457126935762075;-0.005928587665452775;0.00355909367372537;0.27950045508319293;-0.0058243679335566526;0.10526592791261945;0.9941488244141196;-0.02423219628344108;-0.067106201921279;0.6030967872060322;0.014537917556198744;-0.010363832786078005;0.39981730730287224;-0.010579218017493865;-0.01511583093775214;0.269481058080965;-0.016473522123939006;-0.025135724964235676;0.982643301984797;0.03260834158591184;-0.05815198662738393;0.5609323995727484;0.02571523661920352;0.00264482750361298;0.36118559213528345;0.00705802206168513;-0.008708397921207301;0.2344860041562707;-0.003439147823117125;-0.12598743114596375;0.955293468746854;0.08436451767365838;-0.029485272574559376;0.45703690215268455;0.02529880812212733;0.0010267797114624241;0.28164460001574015;0.018131092846327496;-0.009625838819314388;0.19740487080971747;0.011389512683647483;21.583857715755766;10.026977434593109;8.251470643888785;19.233154926397432;2.9944972446488594;1.495230777805237;12.6960578636632;5.6563703205268325;2.6234229773602533;4.506370213873098;6.507920253353229;3.2127841631783998;4.233594409566808;3.927956839122689;3.019613165564448;23.59936951655583;9.601673918317537;8.197034007367881;6.787223005459733;0.998840232162541;-0.4778838123261703;0.08097632446859043;-0.0927534154276428;-0.3920406539747848;0.5108662143078726;-0.1646719709342524;-0.2118357534608176;0.5909541805167263;-0.10958136908419477;0.06764154276354616;0.5101153776532983;-0.1107942266934778;-0.5493971001578917;0.3741499798858704;-0.7865910706281768;-0.29861315469046307;1.19585193683949;-0.18785750881308738;-0.11353877652496412;0.37982119971099515;0.03950067551127774;-0.002044423859601149;0.041318122204162935;0.08814834183458257;-0.22267805180930847;0.580321160709329;-0.7833529445118516;-0.3640967703364704;1.2331966374202072;-0.16998547340916006;-0.17409257779629891;0.21918461948061943;0.12633830671196683;-0.026232697078180933;-0.15226759788099858;0.12147854182606188;0.028587214889386987;0.836752345959259;-0.7447646772692454;-0.37367131853434477;1.19183497944973;-0.09994326801210188;-0.18967281861082438;0.10375107669088249;0.15272468460287703;-0.03429126043464249;-0.2257040872173717;0.13043946955663688;0.21976495846296296;1.0866619139578597;-0.7031281659225074;-0.2766132658010555;0.9728057525479366;-0.07288072796033028;-0.20004272514764995;0.10342081219322444;0.07403196848627822;-0.08982941381891586;-0.17204544638619784;0.08014134963548164;41.93967588181183;17.936152686961993;26.85381602494795;53.74933304605816;14.592222928149855;59.9807722577911;44.19716678520528;38.38785479978561;102.88545407337023;40.916561648691975;57.283254707165895;87.5225647497921;38.09997980907465;51.22097373244113;82.9495835600235;43.96312300349276;21.880575372130917;18.50273565404933;11.95067170615657
0.9432718697888424;0.30284222094586444;0.3977390077340733;-0.06969148203455368;0.1579438522518982;0.5128189687098235;-0.0242557065865477;0.05093786927575121;0.4654853753821337;-0.00020757915334735768;-0.0039306923924430194;0.36276701526416544;0.0033350520929887042;0.21131393209499522;1.010486834607074;-0.10332010312224163;-0.02179769405764993;0.547019798901405;0.007263268521020258;0.0107736115604179;0.32194743900411504;0.0030162670037976276;0.013136774869902924;0.24217219556099823;-0.00037078184451585827;0.055069958396482314;0.9970183962181532;-0.05405198687181969;-0.06951736713967462;0.5569398094085778;0.006323466254154025;-0.00851142657018146;0.36223458556031185;-0.006874167320878869;-0.010249389786180311;0.24429712716542482;-0.011941367054392325;-0.06213599719496541;0.9606532398132943;0.0018690348947735115;-0.06390558744666505;0.5152911552046261;0.015365484259161245;0.003436143728036937;0.3372831908698778;0.0008639612588330201;-0.0022696498465659843;0.21533313964118966;-0.005917048844820709;-0.14645773572743498;0.909579682529735;0.05622454660829872;-0.033648468279769035;0.41231056664822047;0.016849999917123114;0.009374167064363491;0.2422106460354782;0.012636807956097807;0.0017942280134240428;0.16624507415555606;0.007954135110273663;20.774434575033236;11.167672774242996;6.887867497343017;15.490990813096282;4.204225050350553;1.3422627975113184;10.93320456979429;6.023093801974697;2.008868199568496;3.722083672370954;7.807163766961594;2.0906355590313406;4.623506793946404;6.905312833012766;1.614770676000248;25.386581036813286;9.011940747550383;7.572903624316654;6.407466584310565;0.9986130688907948;-0.47720540405550177;0.06579533199460738;-0.11738781916347002;-0.3831000905141861;0.5005827775263705;-0.1808196388698714;-0.19617299479084885;0.5864994563502617;-0.11725638288262194;0.07894921303635678;0.5072700322498169;-0.11561660308091914;-0.5025336824938585;0.3211512642319747;-0.8485226014895919;-0.28311260494417206;1.204799155054063;-0.1985890924270766;-0.1267672492068147;0.35686141935040727;0.044499486827963564;-0.01564520028956618;0.02439927738645301;0.09323058993160414;-0.17667947360888198;0.5226742069793223;-0.8340240026305148;-0.36301025691514793;1.2371913314370653;-0.18267444544653774;-0.1810029366158509;0.19874645227884358;0.13684737873721542;-0.02992369364585022;-0.17283280864333153;0.131458283479318;0.06325188699459965;0.7769184503338313;-0.7839671876463531;-0.367802926661625;1.1927678133924318;-0.11301421198842752;-0.19627005262331404;0.09213424944535002;0.15897355320802106;-0.04158136653659563;-0.23558555849763838;0.13755093729620332;0.2405183757853116;1.0264820170841176;-0.7322063262818033;-0.26582624444972175;0.9558766102833973;-0.08463287901787261;-0.20623935630467563;0.10143329110232982;0.07010482731913613;-0.09705001340782078;-0.17005373896649914;0.07880908097929298;43.210639371107504;19.14714245049774;26.83021243152179;57.541236983448634;17.03025938843718;66.5094873591901;48.484769152256305;43.146827882872586;99.5272094320359;44.277324467172875;60.85248912966926;83.55911516399365;39.99305488774411;52.442118323050124;80.59073755463949;45.481661723310424;21.596929494057203;18.443995174895882;12.255186767005478
0.9601115162858972;0.2870063616024088;0.39189207444031443;-0.057624028534212154;0.13962856144258537;0.4768964838760083;-0.02559143352905682;0.03330493099904242;0.43700882502390737;-0.0010260550585632132;-0.006914861591006577;0.3314793711009528;0.0012276084148189425;0.16137203712161843;1.025551124526959;-0.1240612717222349;-0.008526196530313584;0.49661089479680615;0.011583160057821784;0.02422546591345196;0.27558207109175226;0.010738400989126406;0.021377962421406514;0.20924533471759488;0.00434340618941811;0.011537384316064622;0.9967541675222724;-0.07967445192861436;-0.0714098344790745;0.5155165109274047;-0.0007931360535410458;-0.006887089562616975;0.32875734884493935;-0.0036532207654979463;-0.006015441603058653;0.22185994366454087;-0.007991662817678121;-0.09394181883004994;0.9390045941917207;-0.02470202381010494;-0.06870214290202976;0.47442820472538616;0.006378597560824087;0.004110567406663138;0.31569761115072076;-0.00449152667776146;0.0033011738699279423;0.1981879218636516;-0.008042245798942301;-0.16374573035269296;0.8675687940959445;0.03175030995387884;-0.03715382370396005;0.3725217554593895;0.009501885338533978;0.016562450683746704;0.2074638693309447;0.007853685515684371;0.01165888487267203;0.13885818350297977;0.004963276371698993;20.186564738656436;12.282294686134417;5.563978594435066;12.828110055095303;6.069557504780777;1.3177668143922152;9.64527088834206;6.708731984235053;1.4687257810888765;3.3909388154627274;9.122847150700148;1.5226641224052686;5.026957567050623;10.279194843284964;0.2642818682833092;27.080411269545106;8.538004785720766;7.068262191135679;6.116447380612278;0.9983859056190488;-0.47282852230911643;0.050393652096819286;-0.1406369646805139;-0.37135135586024715;0.48660318890706167;-0.19525140655897263;-0.17928476853935627;0.5775686174153429;-0.12387229246246315;0.0894260718942177;0.5005339275929086;-0.11944731715100611;-0.45266022167130626;0.26667083361546573;-0.9026674209380392;-0.2657073024467735;1.204204482776768;-0.2075704061374189;-0.1387561801850994;0.33156630497362033;0.04905636886811169;-0.028863552583821932;0.007615020907794508;0.09749030155043616;-0.13018861314793587;0.4620672998156596;-0.8772369893293843;-0.3591212500699661;1.2314871496377167;-0.19369939875273023;-0.18637305982806074;0.1771543526348436;0.14609064470542593;-0.03331119697647941;-0.1916595474017893;0.14022428082099667;0.0967600525020962;0.7121891353177453;-0.8163208107375507;-0.35918644055039095;1.1844059762783894;-0.1249555989348264;-0.2012143135512176;0.08002355375174788;0.16386620195442478;-0.048408312273985385;-0.24344531641576062;0.14345626316098323;0.25900328642666504;0.959472345935829;-0.755032266885993;-0.2531785515693947;0.9318376608207367;-0.09550149255022786;-0.21071315785307648;0.09869497269331812;0.06570773173481176;-0.10337737608687747;-0.1667776168899988;0.07688941350778546;44.41571536147883;20.373857198755974;26.77380705077157;61.221843616581666;20.118754915444473;72.19055372889092;52.7254928643065;47.98550335303468;95.87530930591087;47.6887635868671;64.28403593651701;79.81464514152484;41.956999136493714;53.65464984466746;78.25153617435325;46.816265593681955;21.160178475322162;18.307008082413876;12.609322597659373
0.974790576257065;0.27772840237186086;0.36816644854313824;-0.05483743066055768;0.1236768588307073;0.44985091993029896;-0.02765191476220409;0.023813802581328692;0.4197905023128557;-0.0011721645643433785;-0.004306066565991747;0.31155049602070106;0.0030102632754074625;0.12365071306078482;1.0254130590583685;-0.14944781508764274;0.012397382272725315;0.48674463352004677;0.013791395638327316;0.044233384266204066;0.22279180936836857;0.023306672237464816;0.03206376862632474;0.1546448862363662;0.014334592554590147;-0.027438692255064994;0.9939199198043797;-0.10663166126150003;-0.047287491037672075;0.5115438260431948;-0.006062465714777082;0.015726920244327314;0.26635197073628153;0.008259725608485593;0.007037809945457314;0.16482532443323694;0.003171676861160214;-0.12682659101816138;0.9263215716794581;-0.0510898235247238;-0.04977221527075826;0.469798181427595;0.00022571277999618937;0.022234460786987337;0.26011968264342034;0.003322249258658898;0.013489832886995514;0.146539020945993;-0.00020875952389620307;-0.18571623136729845;0.8430193184815116;0.007124366646371253;-0.025071016944295633;0.3652287436017543;0.005092613625581521;0.03249242476069059;0.16725186352076304;0.011004940795140236;0.021645712791770477;0.09287008786863113;0.008790409913820709;21.831967957476863;12.541851262550272;4.101094500389791;11.238695154125992;10.628120424032197;0.8272302996565455;6.578837413488218;8.999242977982728;1.1503729961106637;3.6068261779911768;10.955405503323291;0.8924880900046167;8.502507794421023;15.186999227374569;2.6382064719018543;29.923290264078283;8.652100771270787;6.879257175937492;5.861792580568083;0.9975509718274916;-0.4604450374724812;0.046364468973215084;-0.16312687216178975;-0.355921515785628;0.4797162370170286;-0.20450960761245526;-0.16737030829710606;0.5673054728480459;-0.1271402555160958;0.09161093535595755;0.4920212475336639;-0.12098631185305767;-0.4042754391627562;0.24106706748698728;-0.9335999311524237;-0.24768896175437363;1.1722885124873974;-0.21006337803369327;-0.14862461050932016;0.3318456993999736;0.052480483209364215;-0.04388448367839235;0.02831357651001553;0.09864572597713815;-0.08937547262790349;0.4339649677081608;-0.8964856003832933;-0.34887194910103697;1.203516677876961;-0.19726608745815813;-0.19186024330947482;0.16753935398011585;0.15207305818696226;-0.04203934813542392;-0.18804319624441604;0.14508207644007734;0.1257314639784318;0.6822635049669271;-0.8249516324406341;-0.347231704654008;1.1603944994339923;-0.12979444358841574;-0.2067448306029345;0.07426554199427758;0.1671442970179292;-0.057289327834505306;-0.23715087170385937;0.1462102363881633;0.2747649137716466;0.9286199451536816;-0.7550075193317454;-0.24312591167785114;0.8969236640032935;-0.10137462885735454;-0.21195237602582592;0.09543025006439333;0.06223119826192835;-0.10635885776459097;-0.15739567175040997;0.0745909092165999;44.889881893676794;20.52871525205308;26.33513793066822;62.92695604292035;21.843400923212947;59.03980256376367;54.84919511890271;50.65566922634883;91.10179514762869;49.36463456553512;66.09272426823976;76.24327125297614;42.77116853078783;54.4402552760762;75.65805467622486;47.040749346565384;20.75285946548837;18.125422441202318;12.75011186588899
0.985383448250374;0.2779914855842478;0.3114757311349982;-0.06686952234760764;0.10897646878001928;0.4332771443987778;-0.0313063293595415;0.026043833417893493;0.41863862616455594;-0.00024260019934150295;0.007932941536833013;0.30721267503796507;0.011494459877038584;0.09951547446166188;1.0018463173386565;-0.18715647818166586;0.04958380703674474;0.5423903085562951;0.012944935254462253;0.07859219157346449;0.15048689234872986;0.04607717052035616;0.048692731296112186;0.05508886207581246;0.03476711951579039;-0.06585161087987278;0.9878610299767113;-0.14069168702477325;0.023700956270807635;0.5690860987246478;-0.00923898350144127;0.0767906284690194;0.14587961727317766;0.0365469217165547;0.03687339675575479;0.04121628272905366;0.028143823035633113;-0.1674698706706652;0.9275032755367569;-0.0819059987314201;0.01135002116727183;0.5245066285552381;-0.0023617111182983553;0.07221754546460964;0.13935999593982465;0.034126274624150896;0.033071850592708694;0.029391620256558514;0.025345351304791115;-0.2195219392748725;0.8440569585318284;-0.02208154410721909;0.014680922591888;0.4105160015311588;0.004735539593306392;0.06562278516364625;0.11123406500832118;0.027746733800903756;0.03362623991026708;0.00839316925095521;0.02449219659610578;27.90570378996076;11.2735613596043;3.009725661739582;11.900803057214752;26.03279870495949;16.485362733366767;9.454065920672383;28.542514603141363;19.57165422561191;12.38919598136042;28.81792758048602;26.193727213268637;16.758757584568826;30.49726777673769;47.04778136905335;35.55812262320581;9.674003289226853;7.101484565955185;5.582560099655129;0.995566598028976;-0.43804543674365987;0.06315497483105648;-0.1860930480759715;-0.33718609938091526;0.49016253259512843;-0.2065788154793204;-0.16588412630908433;0.5600711977408549;-0.12567527069437276;0.07983056572000513;0.48502504251040607;-0.11960904220284767;-0.36197241042378997;0.26936151623626103;-0.9323168694234186;-0.23078756063371456;1.0952378841959094;-0.20298713405651408;-0.1562454764857587;0.3812671777497643;0.05442107268788108;-0.06273437441213374;0.11679232962835104;0.09520432215933272;-0.059174817423910495;0.4681263031406818;-0.8816780054479557;-0.3304966866912132;1.1470119725787078;-0.18940971381531965;-0.19948934948839786;0.1809495375391944;0.1537519506777238;-0.06085938623364054;-0.1459391928694024;0.14439387479820123;0.1481057889903001;0.7211298020161935;-0.7991450817118251;-0.3325403143955937;1.1193477001610868;-0.12320462268485058;-0.21540506099672238;0.080570507589007;0.16919091353489207;-0.07051375630580761;-0.20769550864234063;0.14476445320116996;0.2884923602407355;0.9713816016966319;-0.7213330896613402;-0.23999154071696494;0.8508540297004883;-0.09933516188458821;-0.20946697831740493;0.09211551654787596;0.06097558991766461;-0.10440524707649701;-0.13848647506217737;0.07231464634958408;44.1091808714915;18.701318130535434;25.22670411426679;61.18952740134736;20.5878252583516;28.682588239079823;53.22868359133264;49.31234281034305;83.1382086168568;47.835478285254986;65.13326344960466;72.19175330403645;41.48635524860874;54.4155296597086;72.30915482745891;45.41512857740898;20.602028942132687;17.994626860548934;12.458690533593243
0.995976320243683;0.2775444048004596;0.25621690799512614;-0.07826291937642031;0.09457636354439995;0.41626041612585163;-0.03473907285666044;0.02812112221646467;0.4164778000897811;0.0006512376984244616;0.01967354703883221;0.30227097407974385;0.019618065189638326;0.07607315402277735;0.9766785350129301;-0.2229198954497584;0.08519175778014593;0.5944952212821355;0.012098972962633306;0.11141002577153665;0.08062954875078708;0.06784155066532252;0.06454906723075732;-0.040714149045569276;0.05431339561367358;-0.10259715475867537;0.9795519165923595;-0.17306607563488477;0.09185475108831134;0.6229462597806582;-0.01226806889767254;0.13527398819025516;0.02974933147913355;0.0636363422100061;0.06544985845928504;-0.07766457259715401;0.052068936843753987;-0.20610275213241974;0.9263036750980399;-0.11131134156223811;0.0700543764827675;0.5757559746926867;-0.004842045102365529;0.12006494338897009;0.022970022938178507;0.06364023426096145;0.05180513242818235;-0.08325041345790384;0.049836725927945864;-0.25145348600458;0.8429290128425448;-0.050090184602875606;0.05284197312598557;0.4529994248801766;0.00438050146534203;0.09729284538169039;0.05712599052412394;0.04376422375130805;0.04505378237127783;-0.07280262536140233;0.03951852843526147;34.82463506311321;10.10922763615277;3.6188735455705707;14.448265866243;50.77869489480186;58.08714073715001;16.80435473118425;71.67835321095862;55.488467934559466;20.401811818880578;74.52531464120437;60.43530924587379;23.562843488440226;55.564552268909964;80.14045671967583;41.82473236818162;10.616390919451677;7.2739195704625175;5.308252622539184;0.9935822242304604;-0.41559952809581335;0.07913392667748774;-0.20773364828243068;-0.3184750733392737;0.499129338037239;-0.2081183034186689;-0.16409912795987758;0.5519171470452171;-0.12399753066925129;0.06835125368595384;0.4772617064377054;-0.11802860331217803;-0.3205877019467625;0.295936183886182;-0.9290701441203115;-0.21406680108872553;1.018917572039323;-0.1957566153191921;-0.16322222290757707;0.42787759947720105;0.05616600941712768;-0.08069082526139428;0.2014614517431271;0.09169548703050924;-0.030060433000185467;0.49990234696447816;-0.8655599423883061;-0.3121457945840167;1.0902996478345004;-0.1814597778032705;-0.2063805311267495;0.1934294501840512;0.15503100318145335;-0.07879123751223593;-0.10521247431520857;0.14342122718861788;0.169260444204238;0.7568747711382328;-0.772648661128251;-0.3177207715188092;1.0775316131029535;-0.11661342469568987;-0.22325150920533943;0.0864478328388586;0.1707895341190239;-0.08305409413698384;-0.17897541823837856;0.14306388065224784;0.30104432168038864;1.010324390974893;-0.6874533028152507;-0.2364644300743333;0.8047974063846536;-0.09716297145693714;-0.20662873006143698;0.08873493569859262;0.05963866010079667;-0.10230450195629566;-0.1200381540952781;0.0699735862497063;43.351060804810125;16.973877731299158;24.122761125900514;59.49129862303043;19.79235581280806;15.938977221463507;51.721768952795195;48.14640602400233;73.1929599934063;46.45142197527831;64.27549139799804;67.43424757071809;40.45139188841395;54.35770141608194;68.57927516375351;43.71583797859148;20.447574889738924;17.851604513754495;12.18000107251978
0.9949174388587017;0.28654960853231665;0.21397117088500953;-0.09768463744199095;0.1193856602820362;0.3998052829430437;-0.05150730789873558;0.05232417715216297;0.42045489556778787;-0.014184778575802397;0.04235641236282685;0.3008820930469045;0.004518703095470151;0.10179651774552319;0.9339266124814584;-0.2633746975900664;0.12485108290102817;0.6209682936035468;-0.009306675369250303;0.13527683864180862;0.0398300183771651;0.05446687635435417;0.07096120361198395;-0.08574330249252364;0.0461986188008097;-0.07581965606405607;0.9747157676416807;-0.21019170313077915;0.15348115794911502;0.6370293453483608;-0.02527792156356422;0.1565505026946686;-0.02931400996983025;0.06032148420858509;0.06616717633896649;-0.1310105259122262;0.047278195621039944;-0.17499090881329152;0.9551730745618479;-0.14632935542726774;0.13497540621723714;0.5847713836222829;-0.01507398977767625;0.1361834177248332;-0.04625141274787385;0.0656352980611629;0.050894005115650856;-0.13616738286120383;0.048353926941424506;-0.21424041640261096;0.9006614161117719;-0.0848314382746104;0.10674849038768945;0.45602978806143657;-0.00556648967629805;0.1102988228374578;0.008675791989433895;0.04283591649951853;0.043797958101885325;-0.11188911435743637;0.037488871947016215;36.807857143188485;10.791732902077499;2.9180284178205884;15.66518579655916;64.57341019558865;61.47104965723191;20.404847185885895;88.03528997415417;49.513769413719736;24.340951326687367;95.83846631231759;47.371156561709114;26.900273538340876;73.81244244864082;68.5291738500603;45.2314353381338;10.937692304650195;6.838387112255672;4.469244725265708;0.9890636390791864;-0.40498059002849346;0.09113673422256699;-0.21644694525305755;-0.31372525733443707;0.4918188505561288;-0.20797115183164364;-0.17187484872968772;0.5559297392778877;-0.1245931633851459;0.06452534584722987;0.4735960840984201;-0.11731633460397982;-0.2976480796941512;0.32100503093664184;-0.9151098374528231;-0.21632618850051358;0.9986575867191461;-0.18998378655220127;-0.16792026154015283;0.43696473951799886;0.055490600662602155;-0.09256731861078171;0.21610867800467962;0.0880847317540778;-0.008333662550177468;0.5334513375808057;-0.8457897022911482;-0.31506123870023645;1.0685424135955996;-0.17125391499322562;-0.20989252010302212;0.20580760268537596;0.15091197545985643;-0.0873901149207863;-0.08780526746828045;0.1360636833124837;0.18659397168755942;0.792205759938689;-0.7483958435177764;-0.3151877481065976;1.0441892689037284;-0.10757474511568307;-0.22495465118060382;0.10103385765328844;0.16268632396053373;-0.09069917676017586;-0.16163360797865867;0.1321261398942198;0.3080235977180752;1.0448499393592583;-0.6602420072605616;-0.23255478119419767;0.788886924610669;-0.09419819791308849;-0.20575972129208916;0.09760822714664419;0.05379399548925027;-0.1075002626672273;-0.1094114880270105;0.06333714680824198;41.57726242817112;16.566151636309158;24.354181027937525;57.9928567210904;19.385205966619697;13.938156930184844;50.463335245333184;45.681683574337846;69.99078289605288;45.53133327128313;60.61061646404765;67.65264841941348;39.39938226806326;51.80387745371896;67.52186004319641;42.90323103678101;20.895542352996497;17.579341244348456;11.65584022374935
0.989848865712319;0.29926100828017793;0.1704492447403014;-0.12226650092356456;0.16165669334947885;0.3800700957731939;-0.0752442906323653;0.0877403797760447;0.42578886022694307;-0.03676829521187089;0.07190066217105828;0.2996068513575223;-0.021234851978324594;0.14889100553708493;0.8758779401126874;-0.30986172288704744;0.1706795951424391;0.6390812459198459;-0.04112872217298376;0.15837991314468536;0.004554813728295465;0.026020431100653982;0.07441025352418591;-0.11721730906637666;0.026517337446088765;-0.02154115113672802;0.9671926401606153;-0.2531291678705619;0.22002810859077598;0.6358076210528006;-0.04360824502094852;0.16606796716737238;-0.07445715640615899;0.044978297397212735;0.056306557965172;-0.16617846108149406;0.03094786767325967;-0.11314806877032967;0.9957101552882693;-0.18743269189868175;0.2100794181114919;0.5770923864093929;-0.029470232801726615;0.14200527606621852;-0.10650563316656447;0.05734552559978341;0.042327799191432;-0.1730109731015171;0.03677927257610642;-0.14560373888113878;0.9847392223411489;-0.1262548357441637;0.17309529007541855;0.4430859563068834;-0.020363854210955584;0.11759528132389217;-0.04389276150786752;0.03528957716014812;0.03747629787554329;-0.13981588144689747;0.028677229092511938;37.106198123815176;12.55746842361366;2.0498605870302105;16.50416102342922;74.25732624047703;58.25577168652191;22.86270780510815;95.79504764779479;46.206029822379755;27.428403498209576;106.88922176663978;38.512313824506904;30.01462710772884;89.82622222625459;53.086527748306565;47.630688855967094;11.398112296690703;6.508451881120278;3.8669800501150657;0.983672961457972;-0.39763631082657763;0.1018783526916508;-0.2206549042861485;-0.3131910578961442;0.4782353176645208;-0.2069753206423579;-0.18278064160477345;0.5633775420098073;-0.12580050421091926;0.06313280189381845;0.4706216975030993;-0.11672900642568285;-0.28015242231843557;0.34556110440994325;-0.8960792579526219;-0.22474342279769302;0.9956525904317914;-0.18435285149425845;-0.1717047646109116;0.4329558135482699;0.05391284413127074;-0.1024683462149909;0.2070761041654114;0.08426143494466906;0.01127660907113818;0.5674547388525754;-0.823327369544832;-0.3247859987650719;1.056796827914743;-0.1598863968930655;-0.21204358664152467;0.2180862620954308;0.14470024491568734;-0.09286692532015539;-0.07786021441468913;0.12624542996012098;0.20268150721459158;0.8269385332368756;-0.7234953528795979;-0.31634041243305155;1.0117555486356227;-0.0974141795530859;-0.22431315768423235;0.11867146295528447;0.1509546061494073;-0.09669986434008368;-0.14762546435786633;0.11770962543504032;0.3128293095150159;1.0770759480197305;-0.6339442970608355;-0.22814053595573178;0.7818354131785786;-0.09079047550447657;-0.20526701696520852;0.11063814732381862;0.04625735734226854;-0.11510386540253202;-0.10110054350398438;0.055054369062294516;39.404502129227666;16.64187018939039;25.023322248862986;56.5335992630116;19.036645484634654;14.185982953309297;49.35313896027536;42.77337957612328;69.15116765856769;44.86378368647863;55.87855995631545;69.49506140880264;38.32368654011254;48.48348124336418;67.21424925903248;42.39272957592693;21.51842494940017;17.220867613494814;11.05910171233333
0.9847802925659364;0.3119333804131572;0.12003994576529255;-0.14945455554498344;0.20869482095006703;0.3554329904454392;-0.10174945416739481;0.12743087041415452;0.42934271366713234;-0.06219004004505629;0.10501812284983406;0.29639896885035183;-0.05034661576120129;0.20147991928459602;0.8048329119857823;-0.36081532515236575;0.22170331344747815;0.655889261286887;-0.0770128172113954;0.1836770199974098;-0.03551783951993175;-0.006426037037950691;0.0778886035056029;-0.1522592777497844;0.0040185322235456525;0.04020464061290316;0.9529698636916801;-0.30038646069463254;0.2942823484541618;0.6306853318047104;-0.06416140196664101;0.17589695197227134;-0.1252681204562287;0.027295822136110565;0.04478157173647339;-0.20512628845300568;0.012227176372596332;-0.042276740229382284;1.035879806904485;-0.2329937686345056;0.2941064413608869;0.5649844786574217;-0.045640316481397304;0.1477802206184441;-0.1742830399763201;0.047597725749441745;0.032354408820268944;-0.2138209338402979;0.023423162476565767;-0.06682908531398829;1.074402588014501;-0.17253867587286284;0.2473980380226821;0.4257884680147985;-0.03704280737531655;0.12518766133946915;-0.10331292375856824;0.026515331359051972;0.030079512373043512;-0.17069810944500305;0.0185054047944083;37.708343216351906;14.877045327565948;3.177512743002281;17.723177692890815;82.10078932259292;52.06097732083253;25.251692450051326;100.98673485637929;42.21033945381476;30.70080413435066;112.5571792452964;31.77452971194842;33.812758373770656;99.92625080892134;40.2160089711543;49.89490836111145;12.446964509191607;6.650461397900163;3.7568603125931235;0.9782822838367576;-0.3894304577187468;0.11247035015063725;-0.22443143265925788;-0.31200783731368814;0.4635888078344986;-0.20554695589758262;-0.19337086334800813;0.5697052427730299;-0.12675516194848702;0.06160218956077447;0.4666598129225928;-0.11589759510499843;-0.2619803267523766;0.3695427526026982;-0.8750931353113901;-0.2327445092387166;0.9905769556528624;-0.17830993036904247;-0.1751564193914257;0.42803125321837476;0.05221499346270159;-0.11221379974934971;0.1975655079094918;0.08024279279733693;0.030974109789851684;0.6004792489737663;-0.7990402218127871;-0.3338956225840933;1.0428052364359042;-0.1481250377527696;-0.21376939583243462;0.22998426142294862;0.138155046396405;-0.09818303913564501;-0.06769852818524771;0.11611145488292329;0.2184416178017196;0.8601612941359179;-0.6969622310715128;-0.31684706372461446;0.9770521660657557;-0.0869954330912895;-0.22320536473649896;0.1361636621998696;0.13884541868829267;-0.10253490088142118;-0.13323389208343592;0.10296908811086668;0.3170168327055613;1.1072618683881028;-0.6061907981287901;-0.22323084002097643;0.7731314995214057;-0.08717628191787692;-0.20434813749798836;0.12351327073496923;0.03858284203922009;-0.12251288684502393;-0.09253423552956352;0.04661136485167754;37.18743220866237;16.777593991505277;25.66919167936803;55.055259023534035;18.689203761712722;14.838603480845805;48.357913873799546;39.90987987289869;67.92325779563319;44.346286275755865;51.0877588517836;70.95824941801173;37.28997277770375;45.28483815133656;66.61342035555812;41.86953431709044;22.094532018432442;16.815902256324115;10.485248918011985
0.9247454638491824;0.3230249755543792;0.03128418561374465;-0.1857747977673265;0.24562559842140444;0.28265372389518356;-0.13236340462329027;0.1880048712899799;0.38445112049790037;-0.0839283269406516;0.15274095609564828;0.2729480865800971;-0.0741410242263766;0.2474115521135736;0.7038679205090024;-0.45696448285912084;0.29361744360060704;0.641705958982121;-0.10284587156842967;0.21524671563632794;-0.0519900442362673;-0.010685874788855345;0.10801268424874025;-0.16601636495244868;0.005053620598557715;0.10518420854127801;0.9178956969774461;-0.3826274581676459;0.37377876532533366;0.6176674788448399;-0.09031411439319884;0.20637249283806314;-0.16187634174150387;0.02397327935625553;0.06980130873751912;-0.24132772069707764;0.01179829784083564;0.03134984153904671;1.0635160110205588;-0.29966679707889166;0.3611424555490077;0.5426484096185246;-0.06879420225051835;0.18629630962399465;-0.20759846881489893;0.034537161624611436;0.0651096429038067;-0.2344802936420351;0.016505158658331475;0.005814445986098576;1.1495879332276513;-0.2241014578172644;0.29121277736271484;0.39264127645022695;-0.05866428693707567;0.1558712278197405;-0.13364250029539385;0.013426277187637083;0.056886119299873604;-0.19394308961397025;0.01065062352875481;40.5953164029717;16.643136618646494;3.824033701083461;23.698930960609225;78.71559921853854;43.564847160550976;28.26605374084862;97.50013245152041;35.75668641507873;32.79395820499611;105.0220940984885;26.45158290550378;36.05366781398779;94.45525572819194;32.992060626102266;55.175814925775704;14.523285639201235;8.169717562351298;4.89186777429312;0.9781748452403368;-0.38411505419849373;0.11612210403083927;-0.23225365864066258;-0.31154564585655364;0.4544296992129331;-0.2107329644092356;-0.19480595927634786;0.5632186640351113;-0.13167230181915052;0.05444816569173775;0.46559436422925243;-0.11894888628211978;-0.25021932120795176;0.35892470863443365;-0.8863025876014767;-0.24187552662056694;0.9858767424371815;-0.18392850329785704;-0.18005953753092793;0.43262420538632257;0.04994423617303461;-0.11527288338609033;0.2010095229825475;0.07834752304475429;0.04114446409413512;0.5867665603219908;-0.8087101685785247;-0.3338573429878873;1.0449569387140805;-0.15817323420673374;-0.2211282025441197;0.23628784156826044;0.13305812001655146;-0.10326440336998814;-0.06249104389857024;0.11359801352651015;0.22550336307352678;0.8495923560761856;-0.7052929636550455;-0.31017107832332735;0.9714962449825807;-0.09643125340520493;-0.22798040884999046;0.14663859403245927;0.13495247109671876;-0.10896581960146974;-0.11952160195982191;0.10194048144270357;0.3187348064282544;1.1072337949255913;-0.6134470360473205;-0.2202952509095036;0.775460136662441;-0.09188363393404159;-0.20484824193223963;0.12314536482026678;0.038815013654920016;-0.12561337269179762;-0.09379518267074848;0.047956575409441135;35.95977306966524;16.954486799289704;25.104366726303546;55.51138380594885;18.55995085507534;14.436529949778148;48.98697405654459;39.39705531871068;66.43784711156174;44.497133943219225;49.81200441790834;68.65347130848957;37.095583234322824;45.7655875498488;66.16354836076229;41.42285138221288;21.902749758426783;16.92572040693983;10.757078884653602
0.8529643205454436;0.3309185220906392;-0.09190428111864933;-0.23083974449207217;0.284776274573903;0.1723108207963177;-0.16971145276074923;0.2669209102372202;0.3072654429136342;-0.10868310875596211;0.21429228965835978;0.23287257109216353;-0.10116496569093907;0.29884074395147436;0.5562499663531633;-0.5830357419257459;0.3849488570952531;0.6037552035190966;-0.13054394689641644;0.25300246593735454;-0.06483696925125997;-0.007570663019458369;0.15178347528699476;-0.174172350594135;0.013176638391318662;0.18587231815697386;0.8519487351947275;-0.4895251106358657;0.4686503848036523;0.5883756239965776;-0.1232251256640101;0.24712896063550763;-0.20086164818072094;0.023607628784345296;0.11073104712830065;-0.28179869977021843;0.016428495117044185;0.12402084264308406;1.0762060502133068;-0.3843814954554073;0.4340647692446758;0.5022689268301764;-0.09871872818263576;0.24104111411388612;-0.23571464910492804;0.016578556832144636;0.11764422699757801;-0.2504528617450734;0.009429448081470677;0.09508182861393849;1.2198992312589658;-0.28650435873260366;0.3322328687700822;0.3396259625074531;-0.08624062134216094;0.1984762558213669;-0.16086225804078122;-0.004498831030175839;0.0995932191837575;-0.21753333241616166;0.0012898661929134495;40.49248756488096;20.526003283807757;3.1916746975508983;32.599556596655454;71.85159338611402;34.890528407159024;31.674518575418933;91.24155275902761;29.403962836508153;34.95257210496505;93.89823677341289;20.47954236863605;39.14664020617673;84.56078833080596;26.40781195759345;59.1530968020158;18.538063868675188;11.075868296168242;6.673366769088615;0.9791964373006252;-0.37925935080538103;0.1181956114737072;-0.240707587587236;-0.3110664224919512;0.4462866506338895;-0.2171381816565544;-0.19417638130169723;0.5537809183573505;-0.13729501909554642;0.04615921466508413;0.4648929695664636;-0.122718453519817;-0.2398160162273124;0.3409087356153387;-0.9036936833375637;-0.25099992168587965;0.9807580563480864;-0.19184448377181063;-0.18510968187851157;0.4389332152141471;0.04755142158422796;-0.11681506037811863;0.20704119502552934;0.0768804301159301;0.04915280540576534;0.5629958630299823;-0.8249967635887236;-0.3316954300094825;1.0499121592321097;-0.1726281131201874;-0.22946652385785762;0.2411985879574772;0.12825419203993982;-0.1081769186012181;-0.058359673326320555;0.11266394052968057;0.23051221287017198;0.8294032820558421;-0.7205065379044469;-0.3018805631855581;0.9716304050958742;-0.10990202790739144;-0.23381505806331085;0.1554197894454892;0.13276955925282974;-0.1153842792461179;-0.10605071977430308;0.10376931576516844;0.31973014645976083;1.1001879696121974;-0.6276815642566983;-0.21768892050954394;0.7796599344704236;-0.0982441451252605;-0.20552748737949222;0.11990947361146621;0.040696174299179204;-0.12769395521768104;-0.0970683583179221;0.05133051674910547;34.952978696942736;17.126125980451867;24.29375687725887;56.36972769534741;18.48705274157506;13.80136690884799;49.94526228152514;39.40974479962475;64.93991058273939;44.777806728810866;49.35934976820618;65.42840767808424;37.08104022888232;47.006788794101425;65.7559326279416;41.01744534209391;21.53931127274299;17.14388751992338;11.225934706324997
0.7811831772417047;0.3301788329216156;-0.24791466471847526;-0.281397104441373;0.3259162086449509;0.024157543179561307;-0.2123248670644028;0.3599909056960748;0.1974629788448078;-0.13705349520908416;0.2866814884693379;0.17343963692674566;-0.13271335776668283;0.35536864669126567;0.347289352320468;-0.7265450037618716;0.49014939901050575;0.5348145223440469;-0.16199225422528823;0.2933909905089538;-0.07928168438489797;-0.0032986016090907656;0.20328136066118077;-0.1789491253483112;0.023228853745181976;0.2839073928270407;0.738664392604204;-0.6113685528360243;0.5756567898401531;0.5311222937464486;-0.16164550524834395;0.29158566490002047;-0.24455994172771406;0.022355738285427595;0.15991694869007977;-0.32474160565022187;0.0218637846268595;0.23956986433478203;1.0570407051275819;-0.4810580700486523;0.5138752959539963;0.43354485557844313;-0.1340928108130807;0.3037589733041065;-0.26422876842441606;-0.007155060510112583;0.18158455654847358;-0.26280177441715596;-1.7333354835292796e-05;0.20719241914547423;1.2703810714902448;-0.35760769256262503;0.37421878288426286;0.2599604393835472;-0.11899517730200512;0.24692669359095148;-0.19069154572456284;-0.027492974077671893;0.15144174092104426;-0.24080466909163198;-0.010838226972738218;34.03743977375597;26.329149933252676;3.887997051920609;43.113983831904804;63.17784216733297;26.78296194684102;35.06713637037281;83.5313040179943;23.7524397667221;37.39262760131262;81.14409166175663;14.373536264082642;44.29035483091736;71.78524036994804;20.315783518648463;57.59630057385756;24.397057397148117;15.457450506116173;9.030322126008976;0.9802180293609136;-0.3741393953969337;0.12013661804975014;-0.24883251932017986;-0.31032147974366375;0.43786661091892076;-0.22326368606344005;-0.1933855536587308;0.5439901436760441;-0.14271888716714146;0.03794572788130718;0.4637942466202347;-0.12632784619183277;-0.2293481396446653;0.32284609150705296;-0.9200502139314347;-0.2597769320740647;0.9748520266752101;-0.19948178048119708;-0.18992710806168714;0.4447696181240167;0.045150417546360726;-0.11823337411676622;0.2128072193341366;0.0753665199689564;0.0570061352753553;0.5390644570380089;-0.8403331551826838;-0.32927325743901514;1.0538786295251243;-0.18672971622220041;-0.23748730875059168;0.24582944471234258;0.12340510838554036;-0.11292601449140939;-0.05423495479234869;0.11164426035346635;0.23524916013640587;0.8087701154203424;-0.7348764190782673;-0.29344158369485657;0.9709117747047229;-0.12308821843757785;-0.2393633666659201;0.16394210372143384;0.1305008926745344;-0.12161195287905113;-0.09267530034237566;0.10548170398844094;0.32043156375356463;1.0922771523239236;-0.6411673799033167;-0.21492838627248345;0.7831182197115982;-0.10442969112723337;-0.20601724352992465;0.11661381181985052;0.042515394183376215;-0.12963361969219347;-0.10021076281911233;0.05461233348852275;33.95172836927065;17.29026300384879;23.495414615807494;57.211876865418546;18.42515397344398;13.212218439681358;50.89847265985499;39.44985985640534;63.44314960435084;45.06498798259221;48.97500437922211;62.06674943464474;37.07271634515264;48.2380909749132;65.3239816513965;40.638049980396396;21.162332684948186;17.353065931043837;11.713405338048974
0.8041842178426005;0.3039692952210468;-0.2546543822933135;-0.2765365732230965;0.32772361468240196;0.03530092229413316;-0.20130308742693342;0.36345811356190794;0.18522294364462147;-0.12378568004375598;0.29532331029146636;0.15817897860363397;-0.12037775541733992;0.37952384311081283;0.3175803607727213;-0.7407621644238341;0.5328442668112506;0.4747826405566524;-0.15955605761104752;0.303782460455927;-0.08195380680807854;0.006562201452624205;0.20993026690418026;-0.16914470772735415;0.032161241740072365;0.31945859384342995;0.7088484481171204;-0.6288720731766744;0.6268185999422338;0.4838496445344591;-0.17324427115247354;0.29971004060065143;-0.26611709797038186;0.022274601579766514;0.16484724327921502;-0.3303685498789043;0.029954545720849005;0.2883425886039343;1.0269839043763571;-0.4991913090459379;0.5527521951295268;0.3852330637926014;-0.1414037720678886;0.30985680382600334;-0.2858501919042195;-0.009199788793810018;0.1856213616989905;-0.26516407859582936;0.0055356911674011725;0.2651362631654779;1.2335966226589419;-0.3745181552819258;0.4051469517575676;0.22722286304080205;-0.11652832417884469;0.2516582575417387;-0.21361314143137236;-0.02359359123247464;0.14774438705762946;-0.25346600676216047;-0.005110137235417766;38.417267558341514;23.86590106846971;3.090527410845461;43.674396182123296;58.014278389471336;24.347686658470323;36.43054944392775;80.22481984804368;21.875828502499175;39.50206785301353;77.57567355409552;12.514242395689964;46.81580208297348;69.24261101204614;19.659628055024253;56.239517542344046;24.257116119813418;15.657949274944684;9.167703707714493;0.9769080881558576;-0.3714984430807598;0.11573958758235685;-0.2548147548389629;-0.31340607479299276;0.43955669133764846;-0.2262176368826958;-0.1964464755743642;0.5524507930825985;-0.145542548132956;0.038086527455517244;0.45683095442030236;-0.1291592953915308;-0.21930621007738196;0.3102553953671678;-0.9227805190705164;-0.2742145499815683;0.9701446121559998;-0.21010738361538422;-0.19244343769698355;0.4565876157463884;0.030524331819851255;-0.11943198323309615;0.23477478594888998;0.06403816954718342;0.06843525269168384;0.5346107309571672;-0.842322968067753;-0.3353567897665792;1.0503303425729997;-0.19594278871621007;-0.24279042223041006;0.24758426380048804;0.11269524846257396;-0.11557411533559964;-0.058942437816209274;0.10284906112059077;0.24589657590852101;0.810950070074236;-0.736861931485641;-0.29441970434455933;0.9764471573794886;-0.13351560558273423;-0.24650775912240724;0.16586666986516815;0.12168485008782806;-0.1269628277468223;-0.09739706180168775;0.10035220003300921;0.32962769424576166;1.105394899776485;-0.643090183363691;-0.21504345037438943;0.7900269951172832;-0.11061324879586949;-0.210537519337228;0.11515158771377094;0.03894792463494866;-0.13355079372458517;-0.1059509737639061;0.052179701606641093;34.283516083166376;17.458653134887545;23.58449659760996;57.312399854745806;16.83636300371865;10.92047951822342;51.074104690652604;38.537187362215796;65.47434832268853;44.92377193361252;48.62379529786008;63.18864737744628;36.814281460557524;48.938310390291115;65.53535385676079;40.58203560020172;21.55647483719111;17.492027768694452;11.870090802117243
0.8681859309550874;0.26916467425622387;-0.18570247773048812;-0.2460732623338751;0.3126964634831556;0.13007483457690938;-0.1649895322641947;0.3240296445361593;0.22699930335098567;-0.09070375436991869;0.27361283566552635;0.16869175890496624;-0.0869660888013714;0.3901316458141139;0.387163723724363;-0.6952580749043464;0.5471690225687189;0.42775475661740997;-0.14132795055700187;0.3015792403496587;-0.07930029549960897;0.019001867109381173;0.1952256450707113;-0.15413154945279725;0.040494167112662224;0.32441955185079085;0.7326717566756297;-0.5982842563086371;0.6538578211073317;0.44968821624740574;-0.172305059149575;0.2919625156205259;-0.27826399335123064;0.02307814558815951;0.14827357438769626;-0.3200832033325386;0.039440435922114735;0.30331347102984874;1.0047939918406594;-0.4812119036229458;0.5750004477509295;0.35438236449813676;-0.13533389887805708;0.2896333862963414;-0.30630633588038436;0.00013242563808563184;0.1602195818491598;-0.26534013516360144;0.018790833361204736;0.2952212971429881;1.167312314975383;-0.3666765108838663;0.4337339850007221;0.22330382492543258;-0.09705475981448729;0.2362130595461374;-0.23444168350366354;-0.0060172076305065976;0.11678798779647369;-0.2630184372825344;0.009686107173705097;49.26362802664263;17.52231881021609;3.9457744648827973;40.54427583962731;54.55498039037715;24.09954824130128;37.44939056737963;79.14293063491823;21.66463475588589;41.51010906844122;78.4845888041776;12.741444791371679;47.33345496254254;72.17334180105381;21.475431475100848;55.73811925418474;21.2183093894633;13.551528386690006;8.068764376729584;0.9717244216411576;-0.36988562050183216;0.10839336381623048;-0.26008251346588035;-0.3183158620249359;0.44580650837320174;-0.22789222355049019;-0.20133302762757854;0.5693186426869092;-0.147328763346603;0.04192659275406001;0.44706087548132317;-0.13175757463442195;-0.2091097357702462;0.29965537838111234;-0.9196547345058841;-0.2916891756391859;0.9658694096222615;-0.22244833969563774;-0.19404692911976767;0.47150416903547043;0.0099761283308635;-0.1205850447388391;0.26470315220264323;0.04797313395231824;0.08185768218280624;0.538643371666268;-0.8385479342456538;-0.34544048284312695;1.0434114016842473;-0.20333922787760145;-0.24709985912818744;0.2481490156321706;0.0990213295665173;-0.11739689641519184;-0.0677250275351843;0.0903114309035801;0.25955393227052237;0.8233473489916406;-0.7334999171975047;-0.2996153199736542;0.9850149369657648;-0.1431062374245398;-0.25463061920490304;0.1649567831064503;0.10966967782885734;-0.132126699185418;-0.11029110487723526;0.0920235771825341;0.3429299093848607;1.1283536730974262;-0.6400193080633223;-0.2164489333087546;0.7987648595004848;-0.11702490554468868;-0.21701558102406204;0.11445565412297974;0.03287566321236835;-0.13849144123936075;-0.11305186050184324;0.04713896045761243;35.23393357711102;17.62713136123596;24.113247692532337;57.12386076773978;14.637038392963957;8.510432619556639;50.94514326668027;37.16918599881939;69.09837139137554;44.615767560957664;48.29931471128408;66.06622350026744;36.461034659816384;49.43430214821144;65.93137837484491;40.66836234689502;22.3170853835358;17.597620590296504;11.87419304496741
0.9321876440675744;0.2322000228867597;-0.1130422445203389;-0.21370212925156448;0.29641392575551057;0.22931282059164504;-0.1266126069158909;0.282122794733018;0.27046471004808;-0.05583999721400009;0.250381311336388;0.17944629547154708;-0.051762455830706516;0.4006221180532436;0.459545489775942;-0.6463658838874373;0.5613019279157878;0.37770301000926937;-0.12196798789173711;0.29877184788082084;-0.07638554193520342;0.03202430173205503;0.17947453436759492;-0.13812418237835783;0.04917185789273602;0.3290924184006421;0.7564672951279684;-0.5652038672487937;0.6811574738927009;0.4131019433817927;-0.17103643134219904;0.28335296606112576;-0.29055329710449457;0.023883437846137202;0.13063829789934578;-0.3087643768266678;0.04932972948658578;0.3185249946631786;0.9798581970716188;-0.46155456360708813;0.5974022092822178;0.3214267947761451;-0.1287421111737367;0.2679359975498064;-0.3272689406147403;0.009925032821146287;0.1333008405028615;-0.2650889862097019;0.032669340694690366;0.32630625546464215;1.095838775445761;-0.3578454578849096;0.46301946002799416;0.21882451597632693;-0.0764605988363901;0.21961748679258544;-0.25591312452204656;0.012436578834913108;0.08411181607781384;-0.272610266196857;0.02519673798701729;58.154623005185236;12.070848584529598;8.18717137516389;38.61349236377684;50.718726983430265;23.78755801654016;38.98638445440484;77.99573882946893;21.80922292679754;43.58628943298496;79.42853451199066;13.51439680626875;47.60880646813226;75.16587345385447;23.622049385175373;53.00906356300582;18.048360008249276;11.345098490751235;6.882527502221297;0.9665407551264577;-0.368129890904468;0.10074725462573486;-0.2654900860718749;-0.32333905870855867;0.4521916439069725;-0.2295789192254718;-0.20635816734414736;0.5866928648429078;-0.14914921796072328;0.045901462278929044;0.43682451300195163;-0.13442404238393124;-0.19848396098949198;0.28859075035507886;-0.9162068268464416;-0.30975477381439936;0.9612186481158319;-0.23520298982818585;-0.19566739777141767;0.4868756328841007;-0.011345593926395402;-0.12175453502686306;0.2956959638916206;0.03129439837190019;0.0957657073893284;0.5427074335452708;-0.8344444684117254;-0.35582575281037965;1.0360003990092461;-0.21096801905677837;-0.25151602949429575;0.24867970682648202;0.08481209593855432;-0.11926195482058856;-0.07682219911014693;0.0772830772461215;0.27366613220402825;0.8360266246694275;-0.7298483666538615;-0.30493923824460983;0.9936849682422263;-0.15302499549257823;-0.2630016763929949;0.16397600938007886;0.09717908230928132;-0.13745497898368714;-0.12364457845158082;0.08336183889434647;0.35665507090553916;1.1519229589129998;-0.6366906414637411;-0.2178589724278102;0.8076528350453727;-0.1236511704630259;-0.22368847699394054;0.11370811037243865;0.026568152495545633;-0.14358670084706196;-0.12039411108066372;0.041898512924712396;36.23722284517992;17.7910648555835;24.717836049625223;56.971327307463426;12.525451651923436;6.845111476767335;50.85564626217977;35.76392418054965;72.72725558548747;44.33351317023192;48.01680602686847;68.65488551108938;36.12658202793323;49.95471825690546;66.2126128417226;40.76690835366173;23.113940212498694;17.69584945072135;11.872589235369485
0.9590374786411072;0.2344720914205847;-0.10157962275010006;-0.21252444207799712;0.29037655581545846;0.24889056196395368;-0.11390971250352083;0.2675828755745334;0.29162643485182654;-0.04368451410857631;0.23434211026517807;0.18757677904934986;-0.03459134123221409;0.37752502483135897;0.5223642779585324;-0.6062985870836171;0.5449409674443396;0.3526022895676643;-0.1112135826868978;0.2851759989822692;-0.06883223881189604;0.038361790365351346;0.16293370412216113;-0.1225494056897354;0.05470339755550642;0.30180351274096195;0.7993219935744879;-0.5196142706713535;0.6482220887994079;0.392353933638773;-0.15731944104769607;0.27412574992623584;-0.25682807417481746;0.03795962499107433;0.1208261516759129;-0.27611976944954836;0.06078399070781005;0.293943343443604;0.9937009505137093;-0.4145024718416682;0.5676322342133221;0.32716523544463544;-0.12225908977500018;0.2571084449293625;-0.28929376855954336;0.024567473722456712;0.12237826087571498;-0.25043546177054166;0.04688594574112105;0.3096790789046736;1.084020977041905;-0.3115438748866415;0.43797715829808287;0.2374063145247041;-0.07559316631876534;0.21098026591543093;-0.21143132846940713;0.013813204872815314;0.07940702031239605;-0.2411117097156568;0.030206787813795846;59.65128127529525;12.284716350040792;8.735620830411492;38.29222721336687;49.371092132505716;24.12407744476866;40.20970069760611;75.94531829292991;23.63921974234542;43.15594917760072;79.23149623267416;16.567500593374113;45.02853571493291;74.14397591000898;26.931948661534513;56.03378422042764;16.92996066973931;10.220034588776533;6.373749788224505;0.9630234974909024;-0.36605989544030115;0.07818269348927491;-0.27755317280414904;-0.3286607158597128;0.44102193144324137;-0.23890048170686837;-0.21023376818343484;0.6034312935861287;-0.15692459281757362;0.04522688724110486;0.4551103339995821;-0.14244470167303752;-0.19860231700774314;0.2389092515443656;-0.9378636428590094;-0.3257355368608666;0.9803831691265904;-0.24921265632807996;-0.20013569062582895;0.5029333793347625;-0.023189218973277012;-0.12695354635008146;0.3193415219619775;0.023895740370882105;0.09752211037726048;0.5133847028796966;-0.8525993108352193;-0.36029140282753797;1.0539311025255782;-0.21985615412057832;-0.25772738366322007;0.25626216813294894;0.08217577097680676;-0.1233484107950996;-0.07160946925376348;0.07503718476106086;0.2774201491721561;0.8219257400367935;-0.7453107400052115;-0.3038695242249313;1.0120085616367982;-0.16471799264685258;-0.26997107649897784;0.16773351132336053;0.095039741909095;-0.14101844272123318;-0.12523340405846084;0.08366503873589988;0.3638758034199889;1.151282232247404;-0.6495039069051273;-0.21321096033616094;0.8217453876231304;-0.12980373267524917;-0.22880258462537492;0.11238634930584454;0.027572380761075037;-0.1479045718502737;-0.1263629922279363;0.0433606715633663;37.699738355084705;19.16115785167965;24.208976791797564;59.51547196722515;11.584159365481533;6.430762429097499;52.3564119178683;35.39013850335744;70.94498553950595;44.63934156436653;48.27218307975824;68.56198512643556;35.98369930142534;51.34097048083549;65.9390001989716;40.192122171239895;23.951543504081847;18.517674742783857;12.42448557972843
0.9737795012049938;0.24723818923635196;-0.10935103456879458;-0.21992312834225947;0.28686617331575626;0.2412621701125867;-0.1098844413590562;0.2617830877530936;0.30240688672077476;-0.03955485489230041;0.221311982363467;0.1931774533568784;-0.02466391091241903;0.3454185210161315;0.5728129649325817;-0.5709187344229607;0.5190021203785953;0.33637590045589777;-0.10380708121409969;0.2686997856254615;-0.0604682042093759;0.04179819569165796;0.14737311086021165;-0.10838220832613167;0.05841785189341906;0.26680149419174937;0.839510480913531;-0.4733277037459164;0.5982707845411837;0.3770752245008478;-0.14078560392375053;0.26460833481465185;-0.21211502095120824;0.05422216218133756;0.11397724060352288;-0.23967949774431674;0.07112183061781138;0.2590217004854812;1.0133133030126442;-0.3629108260869604;0.5232415878585671;0.3424373651400786;-0.11603578556917457;0.2496917304744466;-0.23681027441914954;0.038864064714894134;0.11699040127320272;-0.23208942300115165;0.05935822738207038;0.27935065945430293;1.086812997798419;-0.2580364553415688;0.3976756177402164;0.2597341413345887;-0.08041521966301948;0.2048251465507133;-0.15142455638569552;0.009853048585330872;0.08329052881645121;-0.1999107752222574;0.03136062040639455;59.68589761140743;13.893319920176857;8.013245032648943;38.565851441882806;48.92922743406829;24.718742314552024;41.16668577899255;73.41399213555728;25.943389722869252;41.8313755657687;78.19887675398776;20.502906581043685;41.70444236811972;70.33182093886036;31.3445169819093;61.05575907251572;16.48427160864857;9.598372174440055;6.1864332508395306;0.960049346724984;-0.3631155891441643;0.050049259822068995;-0.29150018607210887;-0.33349891235883555;0.42281813339102214;-0.2504781459555255;-0.21334994074380126;0.6189790307487495;-0.16652616477236665;0.04286643684549831;0.48246681741757;-0.15211946657074135;-0.2019851554259168;0.17486488390688656;-0.9665023494542124;-0.34058001276371397;1.005968398322161;-0.26335032379955875;-0.20523619148979275;0.5184437460727801;-0.03192580855981282;-0.13334556342197568;0.3401802300170391;0.019505898589221124;0.09496479909338992;0.47122295984911694;-0.8768868849767281;-0.3620777188538319;1.0786369507393065;-0.22885900873163137;-0.26412123502452295;0.26584188810019677;0.08328123185111445;-0.12800267377394697;-0.06129889544891953;0.0762836165990811;0.27713832701101127;0.7968362600083472;-0.7660111443944201;-0.2999926677123475;1.0318491411004749;-0.1768527657337536;-0.2760194094424988;0.1728227072391641;0.09620697119226551;-0.14374763238468766;-0.12258220616186029;0.08686034523057448;0.3682503606159252;1.140059902632705;-0.6666967725125714;-0.20600118945376142;0.8361604020387193;-0.13562211623674839;-0.23299821260998535;0.11062339605951191;0.031028215563775594;-0.15172180758361914;-0.13169526852293195;0.04704158232530202;39.28906891447108;20.999607325776157;23.377521025227633;62.935610370647645;11.025667293281462;6.335761280527355;54.46191026669405;35.36492891813303;67.30431758599899;45.192908536715244;48.690926494070204;67.6505437334531;35.93129377937564;53.002287766978704;65.4850605252701;39.21798135056399;24.73719260889303;19.5986364870512;13.1837247822104
0.9885215237688804;0.2574327725741593;-0.11572610897285869;-0.22551663701675498;0.282605062640447;0.23357226073316267;-0.10589828533827213;0.2556146270428516;0.310631162053361;-0.035765967674372144;0.20896059976555567;0.19730195041552318;-0.015844994709734862;0.3158057043471072;0.6147602573436154;-0.5375050637627277;0.4940921834074212;0.3207450627227248;-0.09687672793562287;0.25312760334293105;-0.05287506016014208;0.04464409183428741;0.13310341018843846;-0.09549627894485507;0.0614396330495005;0.23496901737092563;0.8713522944907777;-0.4307374371486631;0.5519490925686847;0.3621093692553795;-0.12568833062462162;0.25516370146577316;-0.1719796471917482;0.06828004745014854;0.10749474292820255;-0.20669547088932227;0.07990762355507092;0.2272917657544525;1.026372529552058;-0.3161156286052507;0.4821111274908597;0.3544414669681097;-0.11009419586984182;0.24215307049792995;-0.18974997605465466;0.05125868639906765;0.11177851995457175;-0.21502569457111817;0.07006666930800222;0.25157066149458646;1.0847998019956806;-0.2099898122300743;0.36065179308623785;0.27827384303725;-0.08431924655327518;0.19857865850202308;-0.09810862100771461;0.0063350312531695934;0.08635857726710697;-0.16290964232858599;0.03224499822967819;59.67931590303506;15.415816998446328;7.428040423355598;39.1586188494429;48.51026691736952;25.37024527866725;42.003866666829104;70.70727970655433;28.177022243990358;40.460012417066004;76.64023215009405;24.734447749993816;38.5957386248869;64.75342488005721;36.5114349750778;65.46062403159085;16.053293876418348;9.107046446420203;6.082754127892174;0.9570751959590656;-0.35921847725502454;0.021191998869499348;-0.3050308454491214;-0.33762318601165553;0.4031891427967495;-0.261689359724711;-0.21600984321898353;0.6333420644420606;-0.17592480170733787;0.04035049391924721;0.5092254848313088;-0.1616281670757892;-0.20494527378755786;0.10902343718471491;-0.9933844099643129;-0.3549070319836563;1.029635013262204;-0.2771446984571402;-0.20994270894745132;0.533014993333203;-0.040770845751186;-0.1395473778186603;0.3606305493000781;0.014974448926916665;0.09212011081296981;0.4270054512319052;-0.8995444568235875;-0.363014859430513;1.1012273042414367;-0.23749337504191947;-0.27000443002913793;0.2749748123454923;0.08420621692883716;-0.13244269461822175;-0.0506177737979818;0.07736973409416736;0.27617129782531497;0.7692578413616988;-0.7852766177800997;-0.2952977741404663;1.0495849252450358;-0.18881342720764377;-0.2815205438538496;0.17759711413674784;0.0971633673790936;-0.14618285756938543;-0.1195739428683431;0.08991106157912508;0.3718159220335188;1.1258038149075367;-0.682623146478149;-0.19813250749380773;0.8488342603749723;-0.1412324602317369;-0.2367124847656282;0.10855166547473467;0.03448185553850749;-0.1552487864567705;-0.13681874138888211;0.05068586373739771;40.83464817557549;22.923458310808286;22.604465409912258;66.32760814983803;10.49509862953614;6.297905550822436;56.66482407400265;35.346083729204246;63.57332391185453;45.81788376656227;49.10674237502566;66.7300734148334;35.91666500654458;54.65955923139703;65.00799630487596;38.05328975378693;25.435059913749257;20.694391369580547;13.971822293443209
0.991408866154614;0.26609817163634186;-0.11516257916048984;-0.2142516621162925;0.2838545113780667;0.23094537775598334;-0.10255500284326087;0.24657382567351563;0.3147676069524709;-0.03782100442279538;0.2012927704935203;0.19864226455344583;-0.018549153946869398;0.3054520514254993;0.6308074982453652;-0.498307718694439;0.47771368027288486;0.31841120088668307;-0.09414829530635767;0.24396428942900844;-0.04813495887293053;0.03364588497398151;0.12991040877093288;-0.09017735080348621;0.050500516876513704;0.22221395849943648;0.890575898301116;-0.39685705992607845;0.5288359052795234;0.3533490369149897;-0.11725055192461066;0.2485847615433746;-0.1557116563823932;0.0580881292382763;0.10521141237030199;-0.1916150552988374;0.066393557411959;0.20893105032354767;1.04162870517838;-0.28883720878692987;0.4629300145591795;0.3628706582304375;-0.10402547238852156;0.2305086702298861;-0.1723471768307869;0.04565247389973108;0.10383765673947296;-0.20634011998623178;0.061027079505268735;0.23076845021628348;1.0975983394744724;-0.18917569155845623;0.3432749650371303;0.2892911488286752;-0.08229420593437516;0.18982123994987452;-0.08317074519805277;0.002874974794056781;0.08519201346794861;-0.14904574197083892;0.02602771402951488;58.832001143596706;16.21280523509217;7.467421321021546;38.10275056163349;47.8060177371755;25.06801182682479;42.24960129211341;68.89699595330055;28.830138175715888;39.86760273111002;76.91096909880547;26.547508186096685;37.41625616130683;64.40611296193343;37.261873786673156;68.14782279855339;15.813088682354989;8.550373541697029;5.659901668132611;0.959063607021466;-0.3652751574736961;0.0047821440985157376;-0.31344873943058743;-0.34772705330544207;0.3980362057487616;-0.26749908114972204;-0.22483639749405482;0.6350844564825361;-0.18045559580747822;0.03427428275300361;0.5115485260750526;-0.16490590984521852;-0.2091520992718068;0.0751137171157855;-1.0039663087477202;-0.3742192778527366;1.0689168578938106;-0.27877523054932957;-0.21575963023150105;0.5479136067441166;-0.03939775250471407;-0.1411667467170837;0.3669585863171884;0.01591836965341228;0.09597466699955437;0.40772881231997626;-0.9080451965064659;-0.3737820370134526;1.1361098799674678;-0.2407899143023236;-0.2733805999630075;0.2735708604216523;0.08564304877941827;-0.1317426992684371;-0.06593732113982174;0.07889357824551674;0.28530223231648594;0.7602378570523676;-0.7920151463178745;-0.302204285521846;1.0822953309755292;-0.19251823671528243;-0.28651253825433726;0.18226676592369964;0.0969706606656138;-0.1462383316011277;-0.12690138991679073;0.09007677808516948;0.3837962165841042;1.125605166647331;-0.687918145291567;-0.2041269756128292;0.8661633590231026;-0.14540469375019777;-0.24229917148608646;0.1171442922983589;0.03325125956839866;-0.1557845843758941;-0.1345253050888013;0.05011391216064399;41.73873104099643;23.376798695255953;22.54144855710402;68.55682905212865;10.233651053119189;6.1626999976647046;58.0282717833846;35.71837805913366;68.06011804132096;46.56771891980413;48.802631512824696;68.61066846595787;36.43642213062525;53.31157562597505;65.68501247348112;37.73276292527568;26.253276175868784;21.339379373843368;14.30507153479213
0.9913954892159982;0.2739428291925584;-0.11305258597570532;-0.19962912159635846;0.2860467279135208;0.22934052989243717;-0.09939938465897212;0.2370727845113682;0.3176638163540428;-0.04102964031740882;0.1947667138021567;0.19920161546836515;-0.023614653441254088;0.2993909175012392;0.6402936522794939;-0.4589354949321666;0.46342555493751675;0.3187947563264373;-0.09235442827217252;0.23633719639773965;-0.04414379717216689;0.020050454695283652;0.1291184251169579;-0.08661024798793845;0.0369254863308938;0.21385551104880807;0.9057950184378353;-0.3657884702492068;0.5111671134398661;0.34599206369403546;-0.11046336118137882;0.24268636729690476;-0.14503894296469594;0.04302192972310819;0.10383852445695996;-0.18078388004283713;0.04853685695190075;0.19395304512027453;1.0560964213599902;-0.2665250599329633;0.448827292270573;0.36998271670873767;-0.0980760562934613;0.21824392282002503;-0.16181063284241773;0.03635602115474829;0.09552544357353099;-0.199621653999704;0.04803522993175375;0.21205100899742674;1.1123634477367537;-0.1748186768294012;0.33049990393806133;0.29810228615201695;-0.07901409435759803;0.1807097259114157;-0.07694173515668987;-0.0004504947684823932;0.08310096315907883;-0.14053885972483232;0.01849277116151386;57.82681315115226;17.019941719734987;7.6616810683452234;36.68191570647528;47.10813251331711;24.51076768741995;42.39131731074936;67.32920259837313;29.06144195382383;39.44974292069065;77.672300312834;27.82602134247138;36.66023079231008;65.49610469300914;36.857787809213455;70.35338845763648;15.55789205246483;7.9995331160893555;5.177899024116558;0.9622663063461694;-0.3742851179466437;-0.009197891278576932;-0.3210042302100713;-0.35994668968472604;0.39646455292605337;-0.2722343540878689;-0.23574369536823997;0.6337319792517687;-0.18397307612747596;0.026975550396658263;0.5077077254416221;-0.16675066352622825;-0.213926848146318;0.047853292969426524;-1.0109943358553526;-0.39584885398284414;1.1143894698365968;-0.2773649619358628;-0.22218983028521758;0.5637267481709709;-0.03530194804928328;-0.1416963727857036;0.3699831333350758;0.018337730900125165;0.10178092767135882;0.39406098124968175;-0.9134312157020339;-0.3877050092521551;1.176111044708483;-0.2428996492932192;-0.2763166077706216;0.2693986665900907;0.08729862843865512;-0.12969128777905575;-0.0887984311354211;0.0806200515685775;0.2975629515203841;0.7557311864327299;-0.7959568306227045;-0.31252477722412636;1.1207063818193557;-0.19428843811717086;-0.29166693522918236;0.18717080596704805;0.0964852858651282;-0.14570112280265626;-0.13730481832570807;0.08951432641959726;0.3986254556336512;1.1292453951179122;-0.690821145304987;-0.21406296742713105;0.8857075705286495;-0.14943326959337283;-0.2486906159723526;0.12895953848746117;0.03074526168246714;-0.15559383831546342;-0.1302089818705213;0.04842388213444795;42.48782526122449;23.445444288843763;22.633693343382106;70.55000855118303;10.05266938510568;6.010093414054561;59.21632799348222;36.23027448578661;74.2670610648599;47.363342655117165;48.32041041583084;71.19283921117487;37.10737011931724;51.25593821835282;66.55133694874947;37.608607110833965;27.143336222304963;21.89889902925794;14.53249731041436
0.9913821122773824;0.28100853913071855;-0.1109360517795371;-0.1856367643503122;0.2877788786111464;0.227564844687505;-0.0963146018781333;0.2278569859577117;0.32002191854700285;-0.0440018397581412;0.18839964437126092;0.1994975452615572;-0.02835451063320402;0.29334033845338087;0.6484803129525173;-0.4213510025593257;0.44944270150053695;0.3187868724296782;-0.09055935088910592;0.22888583563573908;-0.04033660972259312;0.007232494125923951;0.12822369117807383;-0.08315301116340822;0.0241071994130528;0.20574187881496456;0.9190698272253063;-0.33612636312216587;0.493947451512678;0.33866804222375124;-0.10394807690155979;0.2368545518892105;-0.13482695950243084;0.028793238767833913;0.10242634640671126;-0.17038140946675334;0.0316756236720476;0.17963272469716932;1.0684901770128936;-0.24521855464320588;0.43503581346928294;0.37624785239556124;-0.09236354036354312;0.2064489647999637;-0.15170739433312827;0.027564994919926034;0.08759223262036753;-0.19306788948536344;0.03575292486309352;0.19419053752385107;1.12497197943626;-0.16110491400092106;0.31809480383188676;0.30604960458867475;-0.0758357360255322;0.17192572726040317;-0.07099054401692048;-0.0035795979975033155;0.08103691076959896;-0.1323703629661206;0.011380183218856652;56.87373171596271;17.964084931304686;7.87993355690885;35.348226811708805;46.51350260276473;23.9530293310169;42.54620770797755;65.78060471184973;29.230880810696082;39.0146369236577;78.39831881550829;29.20354830748562;35.900208779720494;66.49411133669533;36.44896165462335;72.39403713757854;15.25199000587837;7.493813080695779;4.726402445493789;0.9654690056708726;-0.38373178501570593;-0.02401119408535053;-0.3289239859268003;-0.372798822794119;0.39469096234848783;-0.277178572788034;-0.2472388613873423;0.632126046290448;-0.18765073697575577;0.01923312886893131;0.5034990322745789;-0.16866028724548301;-0.21892878313583372;0.018950117861209335;-1.0181671720028993;-0.4186637058688108;1.1622770744207778;-0.2757948410378653;-0.22894393430747542;0.5803317173302729;-0.0309516682556301;-0.14221906990182284;0.373087730902587;0.020896735148170486;0.10790658515106787;0.37946871770563934;-0.9188904511223703;-0.40235474912203845;1.2181832907797019;-0.24506935620598147;-0.2793528835264214;0.26490367315682434;0.08902940786429064;-0.12748191406492737;-0.11300206880917087;0.08242778185961534;0.31047561405542135;0.7507492649046291;-0.7999173788171662;-0.32337714414140756;1.1611085414987858;-0.1961115525210021;-0.2970500420160582;0.19231704872379887;0.0959446154937828;-0.14509211543794837;-0.14829280224328625;0.08889386985146487;0.4142326676866505;1.1327956925874885;-0.6937095474918604;-0.22453466437220637;0.9061789722683099;-0.15366198803262798;-0.25539642986539673;0.14144601617864597;0.02808107336424322;-0.15534931203911573;-0.12559915155385937;0.046619628056010075;43.224974480344;23.49851556646842;22.711486314935406;72.59026143804017;9.891996516841733;5.8737324102591995;60.45568091004225;36.79547788297595;79.97608839559179;48.1898150225095;47.83549583615573;73.78470494389133;37.80870887653276;49.23242689344726;67.2993099290508;37.44127983317931;28.062812494427963;22.488762167023197;14.77130455117034
0.99131442564607;0.28491672467987655;-0.10011921075549934;-0.17367320482885518;0.28978176430232644;0.22844334635679575;-0.09165259380116524;0.22887528275750155;0.31576621351910567;-0.04172361485352788;0.1863935886949784;0.19382899552844027;-0.026511634642399837;0.2984118066140902;0.6419972854743584;-0.41234712021797854;0.4500223063080085;0.3255533007709784;-0.08681517772025905;0.224720969133174;-0.03397645617938326;0.010172899558129235;0.12299297550453858;-0.08215167108261104;0.025960311994855715;0.20947016463471213;0.9199918087983164;-0.33126624016326894;0.4906968217611236;0.3448618757265449;-0.09865753390183223;0.23351740625249257;-0.13179684972416975;0.031358565063409144;0.09883786375009698;-0.1742285137471869;0.03215450638867232;0.17989609948149582;1.0762082645963245;-0.2430093480332859;0.4312593783676386;0.378150664929907;-0.0878254575834784;0.20193366483882785;-0.14940827434270137;0.028543042048425143;0.08208518422151481;-0.1944948407237826;0.03482026349329357;0.19136687852277992;1.1358350979918632;-0.16037452406531721;0.3154580428055035;0.29890602492840995;-0.07142124526266691;0.1694210086992512;-0.07677708560032302;-0.001420605680005357;0.07839538934070585;-0.13899512878582765;0.011621045148747351;55.19168445394795;17.423040881746886;7.916759283849199;34.60686063214614;45.787387268470596;26.043605000981824;41.85337814498144;66.26810567037845;30.787983252806207;38.74718973759727;78.96452576603956;30.454824693364227;36.572336049234394;68.06831383213624;36.459617729817694;71.11961049651939;15.436531156011606;7.509082286571737;4.629580433658217;0.964064794400578;-0.3798426707716625;-0.03142267607203208;-0.3387431963079685;-0.37627845744664407;0.39306028083359434;-0.2804956496215292;-0.24397924529128734;0.634856016727561;-0.1881815131441225;0.02774043338867267;0.4906734556526977;-0.16785505768947362;-0.21825978810480018;-0.004726702890915969;-1.0285659182539637;-0.4199165998604004;1.1665254943917414;-0.27558788880624346;-0.22583609423472292;0.5853686377648959;-0.027600585960458317;-0.13862162879387332;0.37454767532620675;0.022265709924485545;0.1072087941843835;0.3640921872256329;-0.9251719589626487;-0.40381521779836926;1.2182538862584786;-0.24887105849349678;-0.27466468096652036;0.2633176260205627;0.0888802668605917;-0.12311960676228177;-0.11773198245389374;0.08256619672478932;0.30921345546501855;0.7404936411092254;-0.8025767570762263;-0.3234221053994483;1.1564927338074502;-0.20164631871703836;-0.2934100221229092;0.18863157156557067;0.09406121153737257;-0.1395222906376314;-0.1495419687507353;0.08831252274549717;0.41425532993888975;1.1228480241377432;-0.6933354435965562;-0.22193899154421723;0.9032784879569016;-0.15911025404816145;-0.25345113307097167;0.14717238896335752;0.024356198466364998;-0.15445835055899154;-0.11919009720488741;0.04418041776455083;43.723609780351886;24.17081781632988;23.405121701462523;73.93308215708221;10.095596387960148;5.7637757761423005;61.16521828652594;36.697878084094484;82.1096978853197;48.362774685632175;48.04930233604868;74.84865537267773;37.70701135005929;48.10697656907396;67.3217607357201;36.415182054187106;28.22211063688141;22.926450392748688;15.040246354346035
0.9912387320956568;0.28837719995487143;-0.08813446417203777;-0.1620651079398105;0.29183017951090534;0.2297054634936016;-0.086796546885308;0.23134568078030207;0.3106173696732154;-0.038718526145962606;0.18502362000492178;0.18735861579197485;-0.02375092203024706;0.3050447707941984;0.6335151968753008;-0.4074434335778593;0.45267983144020857;0.333261231501797;-0.08281970080534126;0.22105354845739644;-0.027289580483850773;0.015322137094225708;0.11718376302260675;-0.08150655381314809;0.029875238023474093;0.2148628223363313;0.9192215323998204;-0.32994808978109263;0.48946170933518207;0.352952361291382;-0.09357168555226902;0.23056246113810316;-0.12980251537615775;0.03628191037862676;0.09496597617547749;-0.1800769113396343;0.0350787692405933;0.18222590025149626;1.0832927365012037;-0.24351915286625586;0.4289398097904036;0.3794512557561104;-0.08348062020872957;0.19847942196769622;-0.14823014016787114;0.030895895052359578;0.07695237423981774;-0.19705199570673115;0.03549514103535496;0.19068945877048218;1.1464659518374412;-0.1614885735068376;0.3142308517658196;0.289686844991682;-0.06685840467515583;0.1678243994752369;-0.0841952726574742;0.0014735463089074355;0.0756900962786468;-0.14768208785918427;0.01289861725546501;53.32764312742706;16.654593476805918;7.945804752184437;33.96523090509054;44.99734643023439;28.600776103674654;41.055384774635776;67.03065686025852;32.477424195310206;38.510682104001425;79.5074950356867;31.660343853898137;37.47448630195634;69.64953444879515;36.399896842848655;69.33765981274438;15.7039108600562;7.603107304011905;4.589880606818782;0.9619813828143224;-0.3739111829208363;-0.037598333764406806;-0.34862102049427335;-0.3782031932514985;0.3913832821157585;-0.28345120332469187;-0.23848566737098417;0.6380494666735783;-0.18818529170684317;0.03856406648252815;0.47662615709386613;-0.16661295080013885;-0.21669407598000445;-0.027256640902038547;-1.0390523084758343;-0.41779916187954774;1.1638523472873676;-0.27552484700285157;-0.22123435331053012;0.5884467561995761;-0.02444431881394509;-0.13442434791549;0.37564935577113867;0.02342926676557149;0.10546699448533126;0.34874377099018505;-0.9312649973395201;-0.4031690266488979;1.211700824087884;-0.25280300370354736;-0.2688173778398359;0.2621323725104497;0.08842887788400516;-0.11846940428852636;-0.1194251964721181;0.08243127866598021;0.30575932256609445;0.7294230386641505;-0.8048108647596275;-0.32175999271494143;1.1448835272364255;-0.20760999654856135;-0.2883947689877965;0.18362507565830133;0.0919815518386366;-0.13325536908427252;-0.14926799580280978;0.08772506987974925;0.41182925111008595;1.1107501324837916;-0.6923116944361244;-0.21735906700659982;0.8966835989380737;-0.16462281325014208;-0.25017054388307913;0.1517579387218537;0.0205218114242788;-0.15344697813918473;-0.11257832278059292;0.04167184611375958;44.198078703344656;24.925820201487156;24.251456802160277;75.13445186694751;10.369184317350552;5.661806951006024;61.784324575403396;36.502213825190644;83.77875442541632;48.43397897326781;48.37231880463246;75.7123232567504;37.48378311002276;47.116336773461576;67.18529140613941;35.282649636348516;28.25215948933662;23.331507342669504;15.31212714161436
0.9911630385452436;0.29179258061965835;-0.07627228776894876;-0.1505733575317446;0.2938481558202562;0.23094728308001342;-0.0819885840355622;0.23378309847992282;0.3055127502570386;-0.0357436571411896;0.1836622526827652;0.1809500878236302;-0.021018337083272314;0.3115989579860822;0.6251021961087495;-0.40257841442238;0.45529557610347854;0.34087827445882346;-0.07886343403491526;0.21741763394865973;-0.02067176937906493;0.020417067798834582;0.11143165994734999;-0.08086566072503974;0.03374831142317876;0.22019245841081786;0.918430885912815;-0.3286335178590311;0.4882243749665057;0.3609473507724462;-0.08853611425159622;0.2276312795432528;-0.12782501734659116;0.04115266237681099;0.091131631100404;-0.18585859834634025;0.037971375523327834;0.18452570940125473;1.0902696471076554;-0.24401609812054292;0.42663122817328325;0.3807265165575857;-0.07917862495545122;0.19505515458986544;-0.1470597394948132;0.03322319466837966;0.07187084615180102;-0.19957632374547465;0.03616186548798432;0.19001322489347935;1.1569502151277251;-0.16258598269763289;0.3130067742339111;0.2805550902817993;-0.062341199309736126;0.16623929286062794;-0.09153330238617005;0.004337395622596292;0.07301074549731429;-0.15627366208094007;0.014162434061649095;51.39792329552237;15.886484853111014;7.998330898949495;33.34521834906309;44.176405953101536;31.233118518828466;40.27923827100223;67.76887065406254;34.08631049065773;38.27959687030123;80.0473849360494;32.84266881280765;38.39739067430289;71.13341683021152;36.22230149921446;67.53078730240071;15.978905177082071;7.702983124837361;4.557593575116695;0.959897971228067;-0.3679453599117838;-0.04369401693016845;-0.35829272611608626;-0.3800036582098474;0.3896191379131803;-0.2862965234076897;-0.23298951679174004;0.6410338715213298;-0.18813801491616092;0.04925494297601664;0.46260838519073855;-0.16533971433093023;-0.21508731505805387;-0.049524610871426525;-1.0491385437082594;-0.41559239447283536;1.16089391237844;-0.275387829167067;-0.21662463875175406;0.591330578878025;-0.021317089952969853;-0.13023805533783747;0.3766367578559831;0.024573324744489384;0.1037162867848412;0.3334742494677532;-0.9370367425013191;-0.4024208474550174;1.2048933450108552;-0.2566219904694085;-0.26296327678784626;0.2608894539054043;0.08795861841179749;-0.11383963296487588;-0.12106690444672173;0.08227553992488408;0.3022613357613164;0.7182798000276184;-0.8068015623956925;-0.3200294395943607;1.1330951488091217;-0.2134500089332823;-0.28335800911558506;0.17862537468860726;0.08990045741295861;-0.12702313883673788;-0.14895665555790305;0.08712047477256606;0.40931894867909496;1.0984878436916594;-0.6911118436332127;-0.21277197281786328;0.8899201594850306;-0.17002845729355154;-0.24685920863936842;0.1562505355306857;0.016725188455244115;-0.15240543792020608;-0.10601074142984376;0.039180324063145894;44.68069149462444;25.67018164798295;25.1636947447852;76.29937414614457;10.659358865395198;5.565972583800859;62.39476507454167;36.31148688175383;85.46070553005585;48.50225459271355;48.70186088768427;76.60330335296936;37.260043349445716;46.13251587647744;66.97875943809747;34.16972667898871;28.26674389095413;23.728080516280343;15.583379810158165
0.9916926077686508;0.2970418221617739;-0.07844121986277706;-0.14624608956442772;0.2959895633463832;0.23000010768240814;-0.0805829347805714;0.23534033588952386;0.310793140675963;-0.036169489179592944;0.18708709085338926;0.1824714986564847;-0.02195686569677248;0.3163095583324351;0.6176621903679665;-0.3951151033006732;0.45892098874616916;0.34597188794719586;-0.08025866826733544;0.21894785638408695;-0.01333420582796843;0.017180988526921185;0.11333341336589216;-0.07247899111943741;0.031326924980796096;0.22418245625279382;0.9189823830154228;-0.3243664686982288;0.4933749515251028;0.36184131008482034;-0.08698091632776091;0.22810939882815795;-0.1294715577915345;0.040654407548367376;0.08960780147459824;-0.18558164351731643;0.03687732046646869;0.18703092287270529;1.0975009211570517;-0.2431100361317215;0.4328756395244007;0.37862008080360415;-0.07661879780522271;0.19289811085835087;-0.15074378251314152;0.03542310518542242;0.06699433361676234;-0.20099510261346173;0.036839316350147866;0.19136435979653382;1.1697748502138137;-0.1653085058889405;0.3169441759798425;0.27670599956057235;-0.060059031510153064;0.1661124537849041;-0.09553178817479366;0.006251244623497316;0.0706664560267609;-0.15873637064866647;0.01512281179687336;51.24550133286238;16.330762604362263;8.562721251049972;32.559043677309255;42.26585752074579;30.003607787484945;40.29672515672494;67.73126622712724;34.185498046188165;38.81815603941744;80.48964962249399;33.168719536410755;39.183009774292074;71.51223025361743;36.16150175239673;67.65696197987587;16.236990614743252;7.6671118900329;4.394555509259252;0.963209915186556;-0.3755528923216153;-0.043398525966851356;-0.3603560363142171;-0.38392516893137996;0.39317109153197516;-0.287613168178703;-0.23921838828185063;0.6459329293900583;-0.18932725877441037;0.04273877802650431;0.46003815821917854;-0.16617853973268085;-0.2306229389704313;-0.04391856160469869;-1.0497514103661676;-0.4199718282263624;1.1800675110190992;-0.2717528521754449;-0.2153175919784127;0.5902365269546025;-0.017618733282979686;-0.12415101989593874;0.37019030393810276;0.026743835823366646;0.09297301612785448;0.3403666856074912;-0.9356850632561475;-0.4117877894363086;1.2212145589190893;-0.2520685298420919;-0.25762034524244815;0.25771879017947236;0.09168642725998345;-0.10532314744769218;-0.12791242800048225;0.0837213033546149;0.2956224617140795;0.7265337569557186;-0.8035798286892606;-0.32817446810646206;1.1496808689094415;-0.21115522423562466;-0.2813520180046913;0.17441036444979993;0.08985760454448229;-0.12283195047605652;-0.155709615568605;0.08621031170806641;0.40527402835965565;1.1081072514911936;-0.6859479360172323;-0.21747928610459;0.9031161972082022;-0.1694293515529884;-0.24623489693709125;0.1558675700305285;0.01608635227273288;-0.15122870027383117;-0.10927234310473904;0.03806544382555204;44.57275114767066;25.39597537084819;24.802211498793877;76.13873803318693;10.64407788117739;5.724906560309086;62.161656692980905;36.29507600093054;88.48518955530896;48.24388082168965;48.879003391770794;78.21607372715953;37.028621933145814;45.95743628344296;68.00145144795648;33.810095275322325;28.442121728779068;23.897219200734003;15.603410777494885
0.9923230351403032;0.30267741272245186;-0.08300424693886613;-0.14304716589569483;0.2981777716811726;0.2286613541708053;-0.07972358589509648;0.23676777457770473;0.31789852974391497;-0.03717334844728739;0.1913681257601432;0.1853463890560312;-0.023527929283952916;0.32077822843042414;0.6102415899837418;-0.38707728035139277;0.462761718401601;0.35071461765294537;-0.0825748434893082;0.2213655516850526;-0.005752743346987487;0.012488830182135249;0.11655080467632789;-0.06264698683952023;0.02780519807599693;0.22800629859193394;0.9197388185508671;-0.3195209436845431;0.49966994978980406;0.36154372357684805;-0.08598244753335924;0.22916158757313118;-0.13175100619070246;0.03924327271506496;0.08844433030595342;-0.1842747414119791;0.03509312726819787;0.1896063583425125;1.1048597026970703;-0.2419448815775962;0.4406489309595259;0.3758972216006022;-0.07430686089953478;0.19091197161945175;-0.15530101366290516;0.03763711688821829;0.06206878917275969;-0.2022449823063772;0.037528665716353306;0.19307284039879666;1.1831688505570068;-0.16834442683400797;0.321805209844099;0.27367237939579864;-0.058112842911042;0.1662233950078456;-0.09903201819104486;0.008036987957411663;0.06833712535585189;-0.16020388850213008;0.016047664097067996;51.38994043332747;16.990146933060053;9.204501303314482;31.722944480568383;40.174523645575746;27.879298183240913;40.44203637357487;67.56906747713332;34.042700468884874;39.486680662294745;80.91670093361628;33.37342488317485;39.95281755345868;71.70485776912857;36.14162695011307;68.07865782861445;16.501550848250165;7.610744557188746;4.211137669521054;0.9674209158736348;-0.3856310328568429;-0.041992919377782635;-0.3611024545694842;-0.38824365185924;0.3976512231761099;-0.2886435289298618;-0.24759048331290376;0.6511634805506644;-0.1907210238824787;0.03306871319763836;0.45923130929024913;-0.16736552776991;-0.24952506054549944;-0.03336728999599631;-1.048521213020739;-0.42551626760233746;1.2033523657091525;-0.26734132865459254;-0.21448187522143258;0.588290409133083;-0.013700808276019747;-0.11751635779710819;0.3621829518787296;0.029152460164860408;0.08033082633209877;0.3511806212418107;-0.9328553637113409;-0.42308290046387953;1.2417164386310042;-0.245882115404249;-0.2521337618901133;0.25405760580070486;0.09622796478542155;-0.09584708446545147;-0.13583425462656948;0.08546681524931944;0.2881665381070488;0.7381903366924292;-0.799177466374853;-0.3381874215821918;1.17136748077253;-0.20734968775821158;-0.279733178471876;0.17015387116325956;0.09014009050104561;-0.11882650386409518;-0.16384685638184057;0.08519875514887783;0.40074316884567296;1.1215072771571442;-0.679782035286055;-0.22387165032707687;0.919927048369942;-0.16774682084680978;-0.24599139915461715;0.15460392609597343;0.015962168521202604;-0.14995588595442005;-0.11428949940080341;0.0371409619230765;44.36918005043124;24.948812456681086;24.191925353645406;75.7417482567871;10.590808458184437;5.994105818039761;61.763066981702615;36.33884493866823;91.75274652114278;47.91101950077478;49.056563701089175;79.9295323877826;36.78363166244089;45.92485616007712;69.24966303369592;33.55416821045196;28.643258970907915;24.03136700147905;15.580179559724037
0.9929534625119554;0.3083964776528352;-0.08764128941309557;-0.13978837214154807;0.30039122679845887;0.2272908502641223;-0.07884651584385449;0.23821000658776467;0.32511169102951937;-0.038192740895632564;0.19571410064514536;0.18826263516048838;-0.02512467690659576;0.3253098848580147;0.6026710656506694;-0.37888792739737187;0.466649164458689;0.35552378952554287;-0.08492698465032993;0.223815428253362;0.001957393532570642;0.0077166812854096685;0.1198180829238288;-0.0526459226478621;0.024222702769164935;0.23188588196380097;0.920471591559159;-0.31458065242226657;0.5060517811970761;0.36122675596975073;-0.0849636523480469;0.23022251377338807;-0.13406384790024456;0.03780667378605839;0.0872576396104305;-0.18293838897976536;0.03327731416606926;0.19221790715187326;1.112299337451948;-0.24075039092324677;0.4485364418531396;0.37311332269644365;-0.07195280770637277;0.1888846110775665;-0.15992929462137742;0.03988714595593839;0.05705733370302875;-0.20350801631465026;0.03822820569846752;0.194802608779883;1.1967428478132727;-0.1714251060091682;0.32673583679020374;0.2705765089572323;-0.05613137686339566;0.16632962315355637;-0.10258762185905125;0.009852666855249458;0.06596562047809734;-0.16168991533861513;0.016987548905517725;51.52859638711569;17.66195786991574;9.839110932318453;30.86406703781746;38.08947576582452;25.51418057340128;40.58473571554717;67.40949051211918;33.90233316914109;40.1573715309528;81.34382999102417;33.59857088375889;40.732159638963125;71.88454439303672;36.13457342583488;68.46847833816987;16.77768172728874;7.557662278222321;4.030294366537358;0.9716319165607136;-0.3959280158767624;-0.040528144172427144;-0.36176561952196656;-0.3925892103878415;0.402160976801314;-0.2896217237726479;-0.2561661370046698;0.6563727127502095;-0.19210396139332356;0.023068106365686302;0.45826035216607225;-0.1685418171643781;-0.2689793290940524;-0.0224561669964217;-1.046936615977523;-0.4311172862264391;1.2270494102548741;-0.26270356224242775;-0.21355429635007636;0.5861038049839759;-0.009648870287416584;-0.11062654726673175;0.3538017555916835;0.03163223313621501;0.06724540547943307;0.36224810165857485;-0.9296528213729389;-0.43462600604337487;1.2625267525599893;-0.23941702250815042;-0.2463898360613577;0.2501990322475337;0.10089131462736954;-0.08602813572787676;-0.1439781351080499;0.08724464417795157;0.2803771931157254;0.750012649947675;-0.7943900954564289;-0.34843124613730353;1.193422852603306;-0.2033559456120195;-0.2779769927900512;0.16570534393471192;0.09040498301355075;-0.11465269956452524;-0.17220491557894183;0.08412817369884798;0.3959422095443204;1.1350161994084513;-0.673208359049306;-0.23040902116344558;0.9370201878815633;-0.16595832659664972;-0.24566625240837053;0.15325213952804242;0.015829092735980415;-0.14859601512450973;-0.11943883702343527;0.0361747162952081;44.16939250059698;24.497108819665222;23.548267536415658;75.32425771310265;10.55374145360739;6.345139442145256;61.33587566914965;36.42099226881781;95.00364999651538;47.555626312973175;49.26456218858747;81.61635686913708;36.52507975412708;45.90181089638616;70.51088105053873;33.27676409764579;28.840894378388917;24.167722156221355;15.555374501195626
0.9932580345204166;0.3099473123969849;-0.08856894829806061;-0.13953903634181775;0.3016913017427688;0.22973024131878447;-0.07878587433902845;0.23880560865758146;0.32794517052092964;-0.037489827791758995;0.19627511229300443;0.1921451364632773;-0.024100860634402647;0.32567081961942274;0.5958673017083206;-0.3831990287331597;0.4675364046384587;0.35728483269185685;-0.0850351799523118;0.22503848968989293;0.009574087935080584;0.009212460384421356;0.12213189181843635;-0.045627208814419076;0.025449352255626927;0.2305962644734626;0.9192271012801304;-0.31913460966027146;0.5066673818716816;0.3661467410519874;-0.0844139363552865;0.22986392861204186;-0.13094822687928673;0.0409074697140657;0.08689401410125315;-0.1829407357246481;0.03569532285692627;0.189206169237187;1.1165866233032098;-0.24528988295302057;0.4510583100580136;0.36862384139203164;-0.06934475022945631;0.18714365008850048;-0.15951394680224892;0.04475282586552592;0.05452203758023896;-0.20141379448968785;0.041311447696088736;0.19030788997517797;1.2046957178223587;-0.1763464824455401;0.32824202387760304;0.27224421142455635;-0.05297311872281208;0.16498947282736368;-0.10395364244445697;0.013466910658531787;0.06350381420736217;-0.16235447663958125;0.019399659342828023;51.786405978231755;17.67775582802538;9.512647329584494;30.907553841044766;36.41887010811602;24.34861596215991;40.40374477952235;67.33606043951694;34.461244531845686;40.8817285336956;81.16949664825617;33.7984714673631;40.98097960571471;72.58356582916628;36.34827640215183;68.21683481564534;17.1303383304362;7.702691843697214;4.043033040795868;0.9632989787247468;-0.40512517687470256;-0.02648924078447639;-0.33711762355384267;-0.38983607804351234;0.41800912579218336;-0.2791117838591321;-0.25477072899525205;0.6491587922495903;-0.186749140136897;0.023121387686352808;0.4672900791213079;-0.1659002650977611;-0.28535609116855826;0.004894793104364076;-1.0334957679615708;-0.42407333820729565;1.2091638451649913;-0.26270262066827554;-0.21091980326465362;0.5772430315237644;-0.010599157703168873;-0.10941566161430405;0.35430582849786435;0.032755506365165186;0.05257341747691819;0.37030117310914723;-0.9274228145612912;-0.44252614402642565;1.2454056485549954;-0.23391728927044345;-0.2424771164875108;0.26494992800096934;0.10548394460175102;-0.0823435361759936;-0.12654925314166626;0.09023573615173185;0.27166310155840234;0.7420718641774043;-0.8016748078480371;-0.3616512931092894;1.1883975208592674;-0.1920304315240061;-0.2742382381332758;0.17791094973832833;0.10029162001170053;-0.11382173066800902;-0.16438870365530028;0.08941007039965003;0.39140305243664675;1.118859418296421;-0.6893000255995186;-0.23894456799785865;0.9469266348227519;-0.15589147334756814;-0.24356062968579076;0.16108765403594802;0.023235756024676115;-0.14980251750058557;-0.11669526907826237;0.04105129967664022;44.124381800818256;22.971766173960653;23.58488960039289;73.49490820823127;10.6237712364603;6.69968669891404;60.79851716683915;34.79481507193245;93.52170171803287;48.49950319607201;47.32203920838171;81.60443316347238;37.668768588544545;44.36399066470544;70.87924105445043;34.9274243205752;28.156564030524446;23.46829016483814;15.246682959071274
0.9934899997319182;0.31054651307017356;-0.08865638764333317;-0.13996383848894065;0.30277586443442983;0.2330300141875918;-0.07890635420527209;0.23920118338426993;0.3297826869392129;-0.03639314093491384;0.19597286441112763;0.1962509674921639;-0.022479492317992667;0.3250748710264072;0.5891881772131836;-0.39033685768542536;0.46772723407759836;0.35834637081984877;-0.08463219883388852;0.22597819405433753;0.017194814163929914;0.012131356583143888;0.12423236385351609;-0.03925784991384767;0.027767368620220348;0.22812240306759987;0.9174908132156676;-0.3258385748856583;0.5059579719746569;0.3722524440679126;-0.08396484385203616;0.2291728513175759;-0.12658790349649063;0.04504375614718453;0.0867116396088299;-0.18323806206870524;0.0390780535539016;0.1849034434544378;1.1201261498727908;-0.2511315746103748;0.4523546592781273;0.3637171854146717;-0.06666741621017723;0.18545348098923845;-0.15794881543027078;0.05022485023781358;0.05253621913178525;-0.19854395980690354;0.04494270207311218;0.18438109397754116;1.2113505911810312;-0.1816932644741493;0.3289639548732908;0.2749836723373426;-0.04953561416056125;0.16331028441268103;-0.10482419035915028;0.01749974510277868;0.061010525502976;-0.1628282758368721;0.02215220769421851;52.06928116583948;17.549137045829525;8.98463755214982;31.172659682133112;34.87845617039837;23.454454716973505;40.161320739367994;67.27129350657805;35.17938542400686;41.62700980569238;80.85595539662816;33.98246739572533;41.12037432471717;73.39584438932421;36.59960326564237;67.82488486616263;17.502245837193428;7.892734812863869;4.100067521770952;0.9521710118657832;-0.4138876796190994;-0.009760146677381887;-0.30695461985872485;-0.3854280331022493;0.4361542606146254;-0.2660644877770835;-0.25108617553110346;0.6390818199007312;-0.17989244121748948;0.025437970364932273;0.4783787267429614;-0.16239062879282862;-0.30079916388782996;0.03565655460037327;-1.017305831010546;-0.414162348858788;1.18183204744416;-0.2636921289904073;-0.20788392590733773;0.5668498026150145;-0.01266565744741278;-0.10947620848838892;0.3567340693587598;0.03355345241522037;0.03769208535398057;0.3775074129915037;-0.9252391365685579;-0.4494238977701645;1.2196462099937053;-0.22864553519069436;-0.2389686508983855;0.28368317315970754;0.10998811362381902;-0.08006586146535244;-0.10351249069622032;0.09344881440285557;0.26277745056406493;0.7295998027052337;-0.8114337104105963;-0.37532191773574525;1.177062803523732;-0.17913293015001353;-0.27003444703240287;0.1937039207542162;0.11222045672272053;-0.11372994422343441;-0.1529727114622927;0.09604890407527876;0.3868891123205372;1.0959460119460906;-0.710184357910465;-0.24778715190822415;0.9549017611733696;-0.1440329998754778;-0.2410243104815578;0.17087673802768738;0.03225821308127386;-0.151543120359971;-0.11217560701601062;0.047184522108603306;44.08167419041048;21.250667756682116;23.784761258090157;71.32421859053241;10.720534521868247;7.046669747689714;60.24274761959185;32.9961697873304;89.95695600177068;49.74045360014139;45.0700544895279;80.88682058991058;39.15837150563993;42.56201631295732;70.92325963940516;37.08304060152031;27.281529483257792;22.614791226606332;14.873443484387185
0.9937219649434196;0.3111324149128204;-0.08873952118523212;-0.14038358905579965;0.3038505077457805;0.23633716238377947;-0.07902326153919198;0.23958611290764945;0.33161339489887626;-0.035287790243294447;0.19565808135127197;0.20037108909596316;-0.020847024671351244;0.3244575534490789;0.5824362296926687;-0.3974968473385577;0.46789370031437466;0.35939481673402085;-0.08422214533772905;0.2269112880528788;0.024861004863515033;0.015067363990028497;0.12633884602453607;-0.03284756537915556;0.030097984116534034;0.22562102897215083;0.9156938828279269;-0.33256557885184485;0.505216630932819;0.37837501005420865;-0.08350843461679862;0.22846505943562434;-0.12219412171684749;0.049202770394840084;0.0865234225384499;-0.1835271990342989;0.04247924920595988;0.18056442754812213;1.1236261003479286;-0.2569951315655469;0.45363421576417085;0.3587608036035393;-0.06397014159540225;0.18374289968833435;-0.15636553422093516;0.05572745302790776;0.05053544192618758;-0.1956458155183748;0.048593614623556776;0.17840814734828403;1.217979879518802;-0.18706268772106668;0.3296723292564568;0.2777248072934045;-0.04607447523052826;0.16161195907356535;-0.10569431852122119;0.02155618059204213;0.05849872557291818;-0.16329607402288235;0.024920307490988922;52.34963623558498;17.42408209969085;8.470028739968399;31.45698726533445;33.38873582762295;22.54388937028951;39.93054473865551;67.19543790959216;35.90116024115678;42.3823682452612;80.53704654191236;34.15690007430318;41.27054711396878;74.20251768759478;36.83930616985158;67.4312129767444;17.87826105022503;8.084231652650784;4.1586711451631455;0.9410430450068192;-0.42246907262395034;0.0068431267377618635;-0.2769389139816891;-0.38094787293261123;0.45404009082364577;-0.2530442584161517;-0.247360887383551;0.6289065346014014;-0.17303894951459284;0.027729763936456764;0.48925066420734387;-0.15886330151043498;-0.31604090447537897;0.06617221609733935;-1.0009605429823327;-0.4042136144124381;1.1543852473005949;-0.2646015328136936;-0.20481420976707887;0.5563805506674651;-0.014712800910957896;-0.10950618918539064;0.35904557172280477;0.03433604334731568;0.022914700325088272;0.3845545005002165;-0.9228178328652088;-0.45614509493813327;1.1937492937427099;-0.2233514086642561;-0.23542142978956282;0.30219451891001725;0.11442744209743076;-0.07778366813049557;-0.08062422348331728;0.0966115171723989;0.2538878024623879;0.7170229377071243;-0.8208945419295186;-0.3887843348231975;1.1654915137502568;-0.16628524716229695;-0.26578869983291487;0.20932231832718134;0.12402680661114363;-0.11360759215989912;-0.14160235036025776;0.10261033246884081;0.3823034686765429;1.0729072782016515;-0.7307129984153521;-0.2564936811926153;0.9625530712003294;-0.1322260144309914;-0.2384412030140839;0.1805436438089107;0.04120249468896181;-0.153228685186792;-0.10765981937186965;0.053257658635304884;44.017994425050674;19.58103733924372;23.990080094144382;69.1248892737841;10.82324596734463;7.397508440692915;59.689902965842876;31.42715865515168;85.14774612769256;50.985125521234636;43.01162937877631;79.81944666238238;40.676936812928226;40.84727960767717;70.83880839273407;39.299497115234104;26.419315546000025;21.80092831146682;14.499803667297693
0.9923614488058498;0.31103196940504363;-0.09000700481212064;-0.1451940381592517;0.30359702359191687;0.23870471171635396;-0.08267187224094281;0.23651388076745175;0.33627313195311836;-0.03755560478767514;0.19438620924087083;0.20369573429769702;-0.022534833728425643;0.31841169962138793;0.5903531872608061;-0.4063121675467704;0.46445180064267483;0.36925602462933643;-0.08592673060373535;0.2267152292039378;0.025018061465810218;0.01598700383212312;0.12583378219926647;-0.038919279959173395;0.03165112447226168;0.2176020819091885;0.9150961396623228;-0.33948253139727436;0.5018089347138143;0.3932780892275851;-0.08752314129558704;0.22989622274481086;-0.11713897634476651;0.049612839279085455;0.08829853817057788;-0.1816374067196628;0.044547787412923465;0.17260615360139228;1.1188166999969023;-0.2620293539647948;0.45292620611414647;0.3713632571315476;-0.06853617451845416;0.18833732105552883;-0.1509710336689804;0.05635241138057911;0.05412404879765783;-0.19502013228877121;0.05084169292015942;0.17084542033382524;1.211811312188457;-0.19019176234725008;0.3322893337680587;0.2895222044427151;-0.050580361423448635;0.16445738472232463;-0.09872577976976633;0.02124531731924557;0.05976813911630306;-0.15810800933544694;0.026199542170439818;52.69128616176548;17.87180129801445;8.533145958882672;31.52169800613369;34.361871631958465;25.049488962732426;39.1874779478241;67.40941934733324;36.314055176378496;41.698908169269004;80.00251759841991;34.747536331961506;40.58705976240424;73.02891475405838;38.047502461192025;67.85616945183885;17.612836609739034;8.117955888148536;4.261913822715916;0.9486308001118956;-0.41334237943546087;0.010146752552044816;-0.26918084094107386;-0.3660090417632202;0.44660377215019925;-0.24506570703291405;-0.23915331485306013;0.6118865991784457;-0.1653282497951208;0.0297249803917534;0.49230023276608753;-0.15149285755755165;-0.29617566125669537;0.09655199771018785;-0.9912136010783703;-0.38550448563409684;1.1087750541791455;-0.25594465863631954;-0.2027132597833102;0.5346326473031074;-0.004622910881141479;-0.10689650267354642;0.3322372282250786;0.04170347272933919;0.03159975095775703;0.4048449775302329;-0.9138391542869856;-0.43404507635230377;1.145553834367025;-0.21849346549099108;-0.23651386481459913;0.28965791672162033;0.11464044562987584;-0.08084977252142597;-0.07914855480632647;0.09792827093031706;0.2505762270626553;0.7312162396455607;-0.8122334686298153;-0.3690541091056953;1.109472977391022;-0.15969953126871614;-0.259566609828998;0.20108034476268483;0.12282875210767452;-0.1119650491881991;-0.13817970268253335;0.10112287788218988;0.365192140747286;1.0782096494769493;-0.7219370457505946;-0.24500342225908134;0.9178307483977882;-0.13087799980708129;-0.23202512747187423;0.163965898681061;0.03721135575651375;-0.1488379361092306;-0.11752191875684363;0.05091511539455302;44.22198606529294;19.19544749963263;24.05396623076123;67.63844466661558;11.94166232063233;7.842315385791282;58.52438709962386;32.73058934175943;82.71395346003098;50.11419779466654;43.66392316320002;78.98940398468233;39.69569271071778;42.535703173858366;72.2434150853255;40.42757355777041;25.787711148282106;21.081645031655405;14.03803349191674
0.9909831614816788;0.3108887218900255;-0.0912784374751368;-0.15004043958819274;0.3032942869039917;0.24103637977766165;-0.086353102242838;0.23337427210459394;0.3409296989010881;-0.03985844754858016;0.1930808838977429;0.20699068084814087;-0.024258393493506676;0.31226522243454263;0.5983730850150693;-0.4151059847457908;0.46091490480642117;0.37918075773984516;-0.08764642964443954;0.2264808474064011;0.025088290276204534;0.016882855442988166;0.12528495754297597;-0.04513037567102771;0.03319300104907956;0.2094915889980021;0.9144083216559518;-0.3463678614211163;0.4983126066056394;0.4082449088680022;-0.09158068151674467;0.2313263709011787;-0.11205993105470793;0.04997559209298019;0.09008685143979075;-0.1797015093570554;0.0465977255408435;0.1645827069982726;1.1137850192323364;-0.26702803844823336;0.45214443426428086;0.3841287496383585;-0.07317881531932433;0.19298413485236995;-0.14551331783425708;0.056916791431779155;0.05777150119330241;-0.19439751987017506;0.053069792768233835;0.16324070913774652;1.2053588237985469;-0.19327634843547425;0.33489197728116327;0.3013961000153346;-0.05517272212355899;0.16733702668587405;-0.09165377592076918;0.02088293881991386;0.06107399827209703;-0.1528353974492268;0.027459980626131048;53.023556179949416;18.31957619039481;8.602368755416004;31.58263729450705;35.351097963163674;27.54815336298724;38.47186391156017;67.5920465355923;36.729606765317875;41.03046753594259;79.44275018122691;35.34753930306457;39.94157962918268;71.7634747708409;39.248619369803905;68.27159812193909;17.344645751995913;8.150966692272421;4.367055433714788;0.956427412035038;-0.40457073764305646;0.013039804878258907;-0.26214699683942466;-0.3519976899147041;0.43928995781820324;-0.23766587279564413;-0.23144893997242405;0.5958764415791805;-0.1581545609963192;0.03153924230542288;0.4947717757349072;-0.14460817579353272;-0.27742383794045644;0.12440146951595067;-0.9818278784965735;-0.368038087052625;1.0661415091192992;-0.2477672687208198;-0.20069108147965006;0.5142743418073302;0.0047695149563485514;-0.10441879657928169;0.3071519545904785;0.0485155616481923;0.0397992783311879;0.42340926249857913;-0.9050638728149113;-0.41323527163183565;1.1004852440182427;-0.21392593519738243;-0.23744473657353454;0.2776811928820594;0.11473488522199038;-0.08367923404041547;-0.07797183490440814;0.09906911321807288;0.24746506704851767;0.744153924461332;-0.8036832678419742;-0.35040892462710554;1.0570121439959013;-0.15363450198764222;-0.2537008763677217;0.19316586470339858;0.12153358366754297;-0.11038439443351017;-0.13504762646530805;0.09962350315293265;0.34916495915767704;1.0828225751240308;-0.713212918610548;-0.23412098599462922;0.8757600853720768;-0.1296805231458821;-0.2259762375598023;0.1483905885990873;0.03339516444261701;-0.14466825333631936;-0.1266661838028539;0.0486521314580096;44.4268422523073;18.840592562688556;24.11911367867913;66.25131206787229;13.080642625324037;8.401031439465788;57.43462633796918;34.03848500795209;80.47931067002679;49.28778993820499;44.328949722083465;78.19271523580764;38.74642517966785;44.29900931702413;73.30590867040696;41.49894013280294;25.168048941969154;20.423603320564673;13.625554666427387
0.9896977033217236;0.31068389391781737;-0.0923642733956789;-0.1546136232929354;0.30302910222101004;0.24329797395658212;-0.08973772209563215;0.2304402320175189;0.3451891972234538;-0.04194268608573087;0.19178904634286867;0.20993421996256664;-0.025802750693863785;0.3065767494435629;0.605951542680446;-0.4232588904393617;0.45752632932600446;0.3884508251955044;-0.08913425522842185;0.22611011737951253;0.0250160061917771;0.017792509403406098;0.12460346438331528;-0.051087641604294756;0.034658605478991474;0.2020087533020292;0.9136894591108994;-0.3526528546587879;0.4949049812078706;0.4220308021517027;-0.09528828769017175;0.23254809228646225;-0.10745298205210634;0.0503073564223694;0.09165623950422308;-0.17799197924688914;0.04847763821823066;0.15719496506625869;1.1088578170487735;-0.2714675759572008;0.45116008561920995;0.39605011661587486;-0.07749834220075852;0.1972744834580721;-0.1404812646802847;0.05731498774822771;0.061169493661451795;-0.19393675595043547;0.055040218709868985;0.15621236459575558;1.1990218769278482;-0.19583659435188616;0.3370687582699954;0.31240304634862326;-0.05949238560828473;0.1699801811969609;-0.08506644414034376;0.020426974375677677;0.06232318140179402;-0.147988700419137;0.02853474521403276;53.32383211827418;18.718176835451672;8.66767118986265;31.63759623166055;36.30155484034486;29.88072520829572;37.83291663798952;67.76242829622312;37.122556012546134;40.411456562218945;78.93090478805021;35.908239559643604;39.360210097602874;70.54643340397321;40.33848510077466;68.62765029562938;17.09419846194415;8.184001290271175;4.470538249736478;0.9636139188387272;-0.3968957710993872;0.015427837672444145;-0.25595372160277186;-0.33995096808300096;0.43302536888496657;-0.2311468980939471;-0.2249605549266182;0.5822133778201655;-0.15186690275945444;0.03317155833440136;0.49707961910655185;-0.13856509912605797;-0.26101560061071405;0.14831813557035023;-0.9733525874685468;-0.35306856350919186;1.0288455405392853;-0.24059101981468387;-0.19890398527841843;0.49681302928938326;0.012870968001640429;-0.10225322169306202;0.28582405924707815;0.05435590577002345;0.04707981979683204;0.4391973406435806;-0.8971561661937706;-0.3953992304505362;1.0609635910115127;-0.20978138388635142;-0.2381541196002886;0.26736506482159356;0.11486055799946157;-0.08603398143701954;-0.07658228379161322;0.10001566682307532;0.24493871810930995;0.755035971410509;-0.7960234829690434;-0.33452808987385624;1.0114359755343643;-0.1483016954742503;-0.2485908733578277;0.18646244600420792;0.1204215811007969;-0.10893816684585444;-0.13205286913704264;0.09830653128466144;0.33545363635379966;1.0865578540252667;-0.7054590628510694;-0.22487997619833136;0.8396048413588311;-0.12856649023020364;-0.22078183887723957;0.1351624511374568;0.030116966785079913;-0.14105504914085767;-0.13438399312405838;0.04667823907025091;44.63413355365322;18.517179912811386;24.195944062616558;65.03527771353636;14.141652748764283;9.026857993208553;56.50008143564761;35.22014627173687;78.43277991514441;48.589485407525466;44.90344254267478;77.449210529987;37.922684792962656;45.93404578963109;74.00762367077805;42.4720225082539;24.60605212059188;19.85984724793514;13.282183773986638
0.9905664892425876;0.3098411904787104;-0.0893719455839166;-0.15317963900892864;0.3044004763763647;0.24451345818667908;-0.08643093619120994;0.23289111774225574;0.34106269913265;-0.03904132385098963;0.1913144096373926;0.2052294008540639;-0.02324129886920332;0.31235018509002155;0.6047183260311112;-0.41751670761333154;0.4587786063954994;0.3834009695579641;-0.08545866313016183;0.22316203535340937;0.021712008016978177;0.019050718112065705;0.12117924459439072;-0.05120170410953602;0.03442258861410374;0.20967856722572656;0.9145671163868793;-0.345835059052657;0.4948539052093787;0.40933333472486233;-0.09107972015431175;0.2295145592317916;-0.11411369720798424;0.05004354304939675;0.08836663729901868;-0.1819953867690887;0.04651540620253969;0.1650314521974504;1.1092249055081222;-0.26358381046534085;0.44664419691071483;0.38924380373385825;-0.07446673215098477;0.1937446626869418;-0.1457334414253507;0.054007392713435146;0.058894338806625764;-0.19771567503690285;0.051156397280078765;0.1630273071019789;1.1984862800167035;-0.18671997119875858;0.3302086199552228;0.3039592604747649;-0.05758155607562567;0.16753724130548617;-0.09001494460861478;0.017865829517597402;0.062397347764220956;-0.15344782539875454;0.02536891696647387;53.10823121648696;18.122289323228134;8.655070330523127;31.58187429402718;36.62137860757755;29.671977925426486;38.216289897315605;68.41864959994446;36.85947628147695;40.23843446761243;79.98688771278579;35.48546150079145;39.24429187752484;71.84499274627987;39.44822754705286;68.02093432189277;17.1582600772514;8.198684598602448;4.5062082796451355;0.9566419943631712;-0.4028920509528349;0.011345908100434761;-0.25916295432361386;-0.35188063194488567;0.44242356360737417;-0.23405232505442805;-0.2352946344564271;0.6003533979882092;-0.15475666441657226;0.03421572623891582;0.5051644874821685;-0.14104784228338246;-0.26788526387198924;0.1322252152624571;-0.9787332418026476;-0.3684204782639961;1.0490892146831292;-0.2443446224593912;-0.20092681273694862;0.5152352826295308;0.007952964986942625;-0.10390637886778728;0.3099215205363816;0.050357925500152514;0.04834560930234439;0.4280405900706807;-0.9024654870481911;-0.4134084642855233;1.0797086098209625;-0.2092354319303137;-0.23771967392673904;0.2768597520788321;0.11707343498940495;-0.08323745026651043;-0.06862879781287554;0.09947521150013128;0.253009564089446;0.7487708706232048;-0.8015350453724465;-0.352961192957826;1.0416912441951542;-0.15052405529800694;-0.2529897999276622;0.195676325492126;0.12246132249919334;-0.10881733158501708;-0.12774349783806319;0.09951254040822946;0.3502741110700159;1.0889555733168423;-0.7115482006860943;-0.23663687163709762;0.8740069776191824;-0.12847983915171066;-0.22683715996608814;0.15005329020370142;0.03280824197776637;-0.14430358217574166;-0.12658817156645247;0.04781698164803131;44.96185231249705;18.557389275780757;24.541007825417946;65.8533155904064;13.359435015755334;8.399760497351789;57.516661059011696;34.13297465416413;77.22791535326176;49.51387002248439;43.73647133551287;77.27312482260507;38.79120287904212;43.871870920985884;73.59324750684432;42.23047167946627;25.068116198182707;20.249809674516687;13.534753438451204
0.9914352751634518;0.30897230247058066;-0.08639266544091699;-0.15174033281235313;0.3057296463151512;0.24569418780955626;-0.08313986270421664;0.2352992109236769;0.33693134749441644;-0.03615760681559687;0.19082326259455704;0.20053830908360823;-0.020696602512898645;0.3180475975622869;0.6034309215036944;-0.41177375852851716;0.459973379036405;0.3783487383569479;-0.08180164893469387;0.2202126363042564;0.018430489696121526;0.020297500711051315;0.11776797244063728;-0.05130954141957478;0.0341847296864574;0.2172689173674138;0.9153422689472492;-0.33903207550981623;0.4947513070322894;0.3966880760798166;-0.08689313457432389;0.22647968313577682;-0.12071253360250302;0.04977645742436952;0.08509241571754518;-0.18594970695527901;0.04456299843141483;0.17279190965260474;1.1094728974728092;-0.25573147174191385;0.4421152980273893;0.3824476637595334;-0.07145002751389776;0.19022096949207634;-0.15093097716423734;0.050718917042852446;0.05663005454270177;-0.2014455400126714;0.04729631197956929;0.16977408468883542;1.1978289879628876;-0.17765207494539823;0.3233652500289781;0.29554686270794894;-0.055679004902134704;0.16509503375447204;-0.09491692382557602;0.015322001657138762;0.06246441357390731;-0.15884994953032155;0.02222414968005907;52.8896668598967;17.526622728772125;8.653265011989564;31.529741963940754;36.95748974756656;29.4701335651154;38.62430988323991;69.0458007412721;36.581118304830824;40.073379265016925;81.04028341162159;35.034432682467354;39.141220588300676;73.13238804005489;38.51676929392659;67.41082310559825;17.220403535908996;8.212810218265377;4.5425732310068065;0.9496700698876148;-0.4092062587458575;0.006999143097286572;-0.26253496489914474;-0.3645190320982889;0.4523520995862654;-0.23710521805231358;-0.24625444050744577;0.6195600431154108;-0.15780632283699056;0.03532134863207956;0.5136844733907353;-0.14366659009558067;-0.275151990813063;0.11507335764218375;-0.9842945738234413;-0.38469874927259246;1.0704589521361885;-0.2482985767431089;-0.2030458734019803;0.534756765795518;0.002716851069206381;-0.10564840306472764;0.33551854366543554;0.04609390478589381;0.04968473283706202;0.41609269791663833;-0.9079638175959232;-0.4325075843155052;1.0994779756201556;-0.20861885281166573;-0.23721695532888726;0.2869190567447185;0.1194089982507503;-0.08024668991358543;-0.0601514050730112;0.09888308615214694;0.261557361820071;0.74197533371442;-0.8072657501756091;-0.3725217282949537;1.0737186654233872;-0.15286404267299383;-0.2576291774556624;0.20545049554549932;0.12461168551747748;-0.1086702701660257;-0.12313491378155468;0.10077936096343262;0.36598978819544853;1.0913231614222123;-0.7179089336398178;-0.2491109080534349;0.9104767820313597;-0.12836583110845795;-0.2332440510695209;0.16587779891260898;0.03566729851386391;-0.14773689170749627;-0.11826877478039365;0.049020964903633626;45.306578823243775;18.600115094263668;24.88816167760486;66.71096507501035;12.626895175410136;7.915646906905071;58.58182045663357;33.05440670276481;75.71682782105134;50.475360399985746;42.56966601450909;77.01156562983498;39.6796029273099;41.88663806958159;72.8898206062735;41.9699911512543;25.549566352981678;20.66462209192484;13.803375200990253
0.9922957345152142;0.3080847220456335;-0.08349404373980372;-0.15030155441891138;0.3069948942583902;0.24672820723988564;-0.07990560890998388;0.2376473776114544;0.33281921018041705;-0.03333820487460729;0.19033048449399614;0.1959521305385317;-0.018212543696894665;0.32365744505969124;0.6020717041933145;-0.40606791507085244;0.4611133041612157;0.3733121945022425;-0.07821285756251631;0.21731019286518571;0.015181544406318906;0.02150934036651612;0.11442166408833854;-0.05142270292697878;0.03394058407453234;0.22475199200340598;0.9160023144405969;-0.3323045320635438;0.494634325463306;0.38414404825089277;-0.08277330440803755;0.2234793194726213;-0.12720180595470448;0.04950334966683058;0.08186393481625019;-0.18980124425725103;0.04263322232894909;0.18043880856753608;1.1096103634336614;-0.24799626184255014;0.437646200071404;0.3757345230339461;-0.0684929213970472;0.1867344353258087;-0.15605210139715944;0.04748383087122853;0.05438906367979011;-0.20510434506257907;0.043503448756777655;0.1764103585341902;1.1970905393533797;-0.16874443263661693;0.3166293608358596;0.28724407960370374;-0.05381291149345526;0.16269053236620243;-0.09974979897832485;0.012824101600530265;0.06253110848400552;-0.16416422502514857;0.01913761640754257;52.66543070339433;16.94514219634338;8.65546111744702;31.479172262726543;37.308620920982776;29.27379337959956;39.05654627599518;69.63123580996083;36.28866565987675;39.91718183861455;82.08309203210861;34.560246110093914;39.053793509165324;74.3946185468402;37.55619904702492;66.80628500329023;17.28092431243216;8.22616469873411;4.578823367208189;0.9427754021117896;-0.41584560944197146;0.0023727444578441697;-0.2660324796437334;-0.3777754614705305;0.4626706230794557;-0.24031252155709357;-0.25781170128459885;0.6396466815807104;-0.16104198283802765;0.036215674918344674;0.5226325240267601;-0.14645655325364967;-0.28296307810469906;0.0969316011650883;-0.9899538722613764;-0.40191114557830177;1.0929932500863568;-0.2524422192597466;-0.20523423187734907;0.5552875521658217;-0.002824130946414079;-0.10747327131190126;0.36253022231569154;0.04157070483308016;0.05090688749886692;0.4034216938101098;-0.9135969711905572;-0.4526839711630569;1.1202835039159578;-0.20791935938519085;-0.23659917104899167;0.2975000359625015;0.12187733073488316;-0.07703443872817263;-0.051126148498327105;0.09824728304310804;0.2703970894216422;0.7346517728461905;-0.8131944799576789;-0.393167191508934;1.107449413166641;-0.1552928452558494;-0.2624679281439098;0.21573280803799827;0.12689499589414382;-0.10848046895842012;-0.11821318667245219;0.10211221512159904;0.38243388522778854;1.09357313578767;-0.7245523316302693;-0.262225818677152;0.9489127797969877;-0.12819344789556353;-0.23996213020262136;0.18260333571688456;0.038723461590759616;-0.1513385540715253;-0.10942314147893488;0.05030521608216981;45.66483583753387;18.643539114597207;25.209902584108356;67.600567295722;11.957993761883246;7.552248748333154;59.68471110057081;31.997935338167856;73.83766942216107;51.46594508679238;41.415761004218446;76.64858465212278;40.580978120113556;39.99268372386809;71.88478518794967;41.686468159994995;26.047000249695557;21.102092537717887;14.085653554335625
0.9921661985364206;0.30796089960330053;-0.08855904108552341;-0.14946878563695065;0.3055970700304135;0.2343358043490733;-0.08146121623230221;0.23793464148606858;0.33135000794984903;-0.0360008489920672;0.1915354136451332;0.20205847606588215;-0.02089233282982223;0.3279378582880496;0.5983620749699239;-0.40458304741877155;0.46244485071715896;0.37016111130856055;-0.08042407141826038;0.2200157132375836;0.01304012458589274;0.01993968481997028;0.11715306273381462;-0.05290083399072552;0.0331469854628782;0.22904986161729535;0.9148617124231785;-0.3325119667549233;0.4987798846450823;0.3769650505947402;-0.08385494117042877;0.22459898097731212;-0.12813741278320284;0.048877030805931164;0.08214122801517892;-0.18728452075912;0.04216337478214589;0.18375983133674123;1.1103945770617032;-0.2501908839121594;0.44159545861425925;0.3773987564263101;-0.07076577215480306;0.18679050926699126;-0.15866570793207962;0.048233123357302905;0.05354914875891252;-0.20616895792399614;0.04478108872748793;0.17811882296140255;1.2007618851339108;-0.17284472897625802;0.32042667036505035;0.2879486341441881;-0.05524065986049706;0.16457749204745126;-0.10198923288557699;0.013667600324007443;0.06338199554310125;-0.16588957795485074;0.020396135327522644;52.07951252057119;18.014530022359185;7.797697312157567;31.18381779352356;37.48889861053004;28.787865752916325;39.46371048327583;68.95059753053503;35.90643848276323;39.85958237744059;82.45520557895045;34.37501828541742;39.25347002354076;74.4410513883936;37.21975383744123;67.24854380986255;17.376597165485062;8.214952207464282;4.528310370911739;0.9450662429233964;-0.42093866469753516;-0.0013224713756137731;-0.26394037957168975;-0.37370758491216577;0.4517086268610251;-0.24332778118207413;-0.2601245953316067;0.6278031623745467;-0.16609446805545366;0.003908302156938311;0.5273454861555934;-0.15236761576153424;-0.3049245161667195;0.0980338078425093;-0.9858450309261165;-0.41141797131044544;1.1108429377494478;-0.2537716267829116;-0.20362716065138378;0.5549633869038268;-0.0035451205875506116;-0.10788611598511055;0.3648257155550283;0.04066167672834933;0.028704478199373103;0.4077567360935844;-0.9126393028473015;-0.46114968487047336;1.1343011924868018;-0.20688290531798606;-0.23154732497839642;0.2977821295404187;0.12454569606639158;-0.07269106019968728;-0.04467198852836003;0.09929027228552322;0.2527702819981548;0.7344843075726832;-0.8159836946020111;-0.39802371770233014;1.117096453622464;-0.15338409115232557;-0.26046338726466955;0.21449550781422286;0.13097668043624505;-0.1067973452171241;-0.11490756515213672;0.10365418146335026;0.3705573797621172;1.0878377768124257;-0.7311980311471202;-0.2594290246895471;0.956030825454583;-0.12484236839656167;-0.23874342831930853;0.18627467765550582;0.0436578516789545;-0.15139366585277333;-0.1058104767851857;0.05282387290799356;45.528720728652424;18.45541873240989;22.27295745483408;67.30377459310368;11.74929475775747;7.415239948991125;59.0801395063208;31.902204238929063;72.20260079524886;51.1495436397503;41.69066653189854;75.75523891866357;40.43424085916673;39.833825081164456;71.40647247612603;41.04378144436239;26.090879905965863;21.044027206593285;13.94447185697334
0.9920366625576268;0.30782972635089223;-0.09366979774206048;-0.14862519701455434;0.3041799849939149;0.22182237998325538;-0.0830297871362616;0.23821982013176868;0.3298603574533755;-0.03868776064584279;0.1927478029894682;0.20821807393714603;-0.023596854032167165;0.3322518564470461;0.5946056035740425;-0.40307611281128136;0.46377960179866834;0.36697301415375955;-0.08265442307652254;0.2227422056957841;0.010878343821167206;0.01835489613261697;0.11990774343313934;-0.05439177539720666;0.03234527220250947;0.23338346721107622;0.9136920203278737;-0.3327146663760179;0.5029543298846794;0.36971109712839983;-0.0849450448277244;0.22572463794164244;-0.12907922602165453;0.04824385124358914;0.08241947315501857;-0.18474041226400914;0.041688270053807985;0.18710833174346467;1.1111638371706132;-0.25240107650206456;0.4455729099320464;0.3790710259167818;-0.07305853331421346;0.18684335585016626;-0.16130065673105456;0.04898847926749577;0.052700274482176665;-0.20723941993180167;0.04606982044622704;0.1798397432668942;1.2044435594037814;-0.1769800363887992;0.3242531814610506;0.2886540149962037;-0.0566806986692927;0.16647885504454368;-0.10424763609903819;0.014518741283417864;0.06423959514592886;-0.16762779102785705;0.02166605655829701;51.42643470858067;19.156601825872666;6.959794087449226;30.884013183018528;37.6615408095806;28.306039945651467;39.87829824733905;68.26011808014991;35.51418446840815;39.80045170210674;82.82553266403146;34.1935136912631;39.45102265508229;74.48432008901383;36.88969188346089;67.69069700683973;17.47498033475373;8.205927141104151;4.481145605736808;0.9473570837350028;-0.4258772883310384;-0.005064555055327724;-0.26168341880004387;-0.3693920545552268;0.4403694835286441;-0.24625468603892425;-0.2623313169052258;0.6154791239771387;-0.1711251803586465;-0.028816922409060468;0.5318435167996824;-0.15827512921677062;-0.3270092543836844;0.09909896818618837;-0.9811681072492463;-0.4208321479716133;1.1283418349254992;-0.2549855239952196;-0.20189299076771805;0.5543450271933063;-0.0042735369954548215;-0.10824789316005583;0.3669600958541003;0.03971969937547701;0.006201313769769736;0.41193447965134133;-0.9111923661784637;-0.4694833603079737;1.147906511929031;-0.2057249952304469;-0.22630945356437737;0.29791223367593017;0.12718331713973097;-0.06825379243759785;-0.038111415377053426;0.10029479641637017;0.23478451318602256;0.7339308475160085;-0.8183823768139113;-0.40273474333308507;1.1262838640371384;-0.15137061249382372;-0.2582969296754979;0.21313018827178998;0.13504244991241376;-0.10503674698007032;-0.11149934853605664;0.10516182416985041;0.35833436648149275;1.0814601004140119;-0.7375471415467768;-0.25646065791966977;0.9627408642998828;-0.12138291683842643;-0.2373842745905995;0.18989592467009403;0.04863293395113586;-0.1513703690411996;-0.10209601933502849;0.05534734028811435;45.38764515902776;18.263810775654015;19.378532286338977;67.00484883884243;11.54828448130541;7.2780308216345855;58.47077282524503;31.829689174181215;70.40883106300662;50.8337136638305;41.97872872045053;74.81977139765235;40.30618068949226;39.68290602520956;70.88173885271603;40.39787203987163;26.12395398080944;20.98809777943827;13.812719960396768
0.9918587659476784;0.3080540510718205;-0.09881615385545325;-0.14757599458249007;0.30292864460944724;0.2108205252629883;-0.08429386876796358;0.23848049084417466;0.3286995768298987;-0.040972454559159474;0.19397682089606377;0.2137069445081869;-0.02591477411765239;0.3371096037963358;0.5907976584966361;-0.40161268544843187;0.4652393270021812;0.3639938194465201;-0.08472313781872308;0.22530358986662788;0.00865253654856559;0.01684262268115955;0.12280433706928692;-0.05540008256552262;0.03157394925758423;0.23805888826526492;0.9124132784802036;-0.33291136203336885;0.5068371493638588;0.36306293903175063;-0.08594788325473264;0.22653545311041706;-0.13019021682679593;0.047828854689287305;0.08267123983947566;-0.18227215065914523;0.041437937503666006;0.19070344799902417;1.1117165766115533;-0.2545030854652144;0.4493667895546368;0.38050272231156496;-0.07506793586003217;0.18676144915836157;-0.1637771085390143;0.0499848014029689;0.05197257152307299;-0.20787223379749412;0.04751536272613004;0.18182279834253295;1.2077225907514155;-0.18089812062770746;0.32788011384766275;0.2891280841149253;-0.057729721062296416;0.16810548595403027;-0.10628985187050312;0.015622590251839404;0.06494589244217736;-0.16901210775080008;0.023076652471361803;50.8848322906748;20.222752242315064;6.270800856495243;30.56092872201153;37.84790821576856;27.61919711648478;40.22312931003062;67.69827018253811;35.05894302338981;39.736995734553844;83.18229824519881;33.957931520822655;39.638693856072855;74.51599483662277;36.577365024480045;68.1066970044976;17.5860175462314;8.206183490015167;4.441721684963168;0.9489399098268304;-0.43047442741054676;-0.007359199890131165;-0.257426301494967;-0.36600880926909224;0.43172881337718316;-0.24689246806190474;-0.26404764101524986;0.603867184444432;-0.17392885319598841;-0.05715576697952353;0.5351472438573441;-0.162043831656778;-0.35075530354046575;0.10646625300702749;-0.9730294863895604;-0.4291219514436595;1.1412624716038224;-0.25448775747760427;-0.20043096616476522;0.5528797791917927;-0.004225155859063152;-0.10855795281765455;0.36792143247357834;0.03934530109621443;-0.018759404430786834;0.4216046748326267;-0.9065856732293298;-0.47637731353418206;1.1576142503010318;-0.2047089334685644;-0.22133564995311136;0.2980126019311122;0.1285486719234514;-0.06392042158629425;-0.03324750499779302;0.10116836785617345;0.2137872508204403;0.7394260173274507;-0.8176602986705974;-0.40781101832918637;1.1322888054836624;-0.1489830701286252;-0.25556395464618553;0.21017606496660987;0.13808283141426803;-0.10230624110664639;-0.11034310366776816;0.10655113187157594;0.3425750564085791;1.0806928095218664;-0.7406301566559578;-0.25498842486217277;0.9666364587442938;-0.11785358506095868;-0.2353356795934289;0.19149298322332678;0.052741190704639396;-0.14998553620153904;-0.10069722570574045;0.05770136286118349;45.28540182040114;18.00801112622962;16.97126683638672;66.34425202968853;11.397934283462467;7.170063869338038;57.44364023742915;31.666258649088192;69.30254264307601;50.18966553161985;42.292196928526025;74.499388172748;39.97777106591325;39.58737968287402;70.95457555995678;39.805824945824966;26.119215357483746;20.907717912755842;13.619496394531613
0.991253418218788;0.3114806561880218;-0.10389782271997879;-0.14479094378375415;0.30329702069017994;0.21420268207473117;-0.08275150076781652;0.23853534883412383;0.33061275354962566;-0.03949274369724179;0.1952867775166818;0.21280929641934618;-0.02460317265271731;0.3464987765817805;0.5869056182565567;-0.4007068176818909;0.4677681880254947;0.36316164866577144;-0.08519993206151757;0.22622368077569022;0.0060273393883494425;0.016097201951414685;0.12676293157159527;-0.052025784260957726;0.031138024731730413;0.24546156493359927;0.9103859301139767;-0.33308569226380463;0.5078856087796676;0.3623908858573475;-0.08610566464677046;0.22450208353327497;-0.1327454625702221;0.04940210918811557;0.08267853681411645;-0.1806972573548321;0.0432211538620952;0.1962517942842202;1.1104470605451087;-0.2555119305633533;0.4512906753155069;0.3797275041480263;-0.07440098322975909;0.18550780374253467;-0.16466930501983257;0.05306450205199093;0.05239093542146863;-0.20457462573180668;0.05025733970312754;0.18602074019220188;1.2073195559654404;-0.1825984919639626;0.32948993737594395;0.28753904212949194;-0.055211987151332305;0.16717531984660786;-0.1062577551305544;0.018901658342680545;0.064254843498666;-0.16715104506835032;0.025638782825144504;51.92042296378627;19.985010649503575;6.736191873102688;30.069498191186966;38.222392591049775;25.121427284396795;39.889094826859065;68.3573532728954;34.13149245123046;39.647902245852435;83.43498294903314;33.204691371222026;39.759048204589774;74.46864717563929;36.363073404863975;68.28632626716741;17.78658712297964;8.270941969247831;4.442300742786254;0.9442647182507776;-0.43196436424306994;0.0033637607400735367;-0.23630456717101275;-0.37161327124552596;0.4483246868388309;-0.22753452210302488;-0.2615115044347236;0.6005105501952189;-0.15695534135239905;-0.043574944609004025;0.528086741119483;-0.14668762677503877;-0.3867188208135184;0.16861955858981;-0.9363338541127826;-0.42697083055813934;1.1134901479637744;-0.23922425182367102;-0.2017440521525655;0.544689138662772;0.002659110873018379;-0.10848711742435181;0.35880908620067925;0.044057145233899885;-0.06247232982027741;0.4789782699269872;-0.8756009507444454;-0.47026319203147293;1.133021125689526;-0.20527179802949075;-0.21949876093218929;0.2981444872658568;0.1186732898999745;-0.06107604247232192;-0.0439403170746015;0.10088913444241304;0.16892969087719517;0.7983411025227571;-0.790357481171835;-0.41592913377421287;1.1107031478054272;-0.1437313804422949;-0.2484204311378762;0.1937814398717198;0.13187166421432278;-0.0914528096720127;-0.12928195874812592;0.10684390600076873;0.29784845932867304;1.1305668081698534;-0.7153267297784466;-0.26713535758570234;0.9462623237034087;-0.11424278239403877;-0.22769228013337936;0.17525998288520206;0.048782710552295265;-0.13691751516234743;-0.11997339067241354;0.05834531006244451;45.49099401143094;17.26091275245919;18.3209405754339;62.495650307740846;11.623532929816006;7.327047656985367;52.81092881635918;30.497572455045663;75.46718717082952;46.74318503279617;42.75688422404957;79.61981988127835;37.80348990130659;39.96969246010037;76.51206075959813;39.73374240401463;25.779194685864674;20.530191627301544;12.816834752597957
0.9906480704898978;0.31490118684151625;-0.10899169996549328;-0.14198724737017845;0.3036487546982054;0.2175843684843216;-0.08119865472367296;0.2385762694639625;0.33251325244135016;-0.0380053447535239;0.1965898956711905;0.21189579309942982;-0.02328537301753895;0.35590134870744516;0.5829647319511687;-0.39977393015946994;0.47027846849126914;0.362304949402253;-0.08567340050628883;0.22713369090423852;0.0033922974709279293;0.015348133317568473;0.1307283206275642;-0.04863620804443418;0.030698679514442394;0.2528764491300981;0.9082973052970239;-0.3332409138529031;0.5089077600413521;0.36169492854761914;-0.08625891364069975;0.22244806126293126;-0.13530207657871074;0.05097812192513028;0.08268096062522293;-0.1791059641871709;0.04500825355379038;0.20180856264093083;1.1091071512320767;-0.2565092800190149;0.4531947705703333;0.3789269816373513;-0.07372721119688458;0.18423863439392643;-0.1655549676245091;0.056152188267478295;0.05280770661516913;-0.2012529768623986;0.0530062480511641;0.1902228299859121;1.2068435187639417;-0.18429418771844275;0.33108605328275;0.28592721769609847;-0.05268188217480129;0.16623188525880378;-0.1062192455505624;0.022191457014785726;0.06355748932828671;-0.16527335104333624;0.028208653473625517;52.9477880882271;19.74920056338515;7.2020346121550585;29.577906845604705;38.59710846703777;22.6963002958346;39.55371061542553;69.02036284659083;33.198416485425064;39.55819301899325;83.68815318511218;32.437330493741165;39.88346770725659;74.41726375501099;36.13757832492687;68.4494051869437;17.988769725799113;8.338320186628893;4.444737537467006;0.939589526674725;-0.43087014492217984;0.013728209519809775;-0.21446219750226306;-0.3748580570516923;0.46176309355092615;-0.20745172966604428;-0.25751953448629555;0.5937329364417094;-0.1395961926656073;-0.0301672300472076;0.5181476417788682;-0.13095499786306541;-0.41927485099205336;0.2278189781057839;-0.8952980592155596;-0.42237990914773677;1.0800552557825824;-0.2230378917527367;-0.20183073814430258;0.5335580923363463;0.009310274818640479;-0.10778133481153017;0.34787719466149775;0.048361370852562695;-0.1044373718247232;0.5317261258869771;-0.8404523558272481;-0.4615801953702948;1.102550283959631;-0.204611243514309;-0.21643070461312103;0.296521093136556;0.10841287458442322;-0.057962799562165344;-0.05403724859748754;0.10002616319940864;0.12449706535721024;0.8507060142811337;-0.7592751405240743;-0.42134787929752215;1.083275844135305;-0.13780141228421236;-0.24004351760320505;0.1767665966722679;0.12508218645642313;-0.08040511903081836;-0.14686318470123882;0.10649989710145955;0.2527854716735079;1.1722249709472654;-0.6866212992411986;-0.2773295646524483;0.9209740906241554;-0.11007506050464626;-0.2189530266246449;0.15851044183827034;0.044662766104132695;-0.12345816624065933;-0.13793594302849835;0.05862623034051659;45.562312070001134;16.598322094069708;19.68121378167981;58.67789052516687;11.838420758140133;7.4936749850468996;48.31707257887161;29.338030418519907;81.32710076779713;43.5093663743215;43.2987009028241;84.03960450761922;35.795650120321675;40.46501561810741;81.58462989630644;39.70888156086134;25.277458687218182;20.056771079842694;12.061593373799198
0.9901308860967908;0.3183492409667966;-0.11369375879289942;-0.13890210861255312;0.30383758630974683;0.2218856930715131;-0.07944975381018074;0.23839104462474517;0.3349945731652792;-0.03638475224990223;0.19760478160957778;0.21131506635021136;-0.021802712085677408;0.36475686172031646;0.5794564612290749;-0.39819452561850444;0.4720028444374477;0.3623510064439056;-0.08607433106294811;0.22813265095369367;0.0016702481614905675;0.014718733449772101;0.13459130873646877;-0.04506584427530638;0.03037074412116263;0.25960803537378;0.9064783963758154;-0.3330173942503551;0.5096169149738958;0.3622398859524222;-0.08636965592438439;0.22070578702041377;-0.13698866124824735;0.052534348702354745;0.08289275354036502;-0.1770404920816093;0.046817445350153676;0.2065366647861803;1.108142737156607;-0.25743033809098087;0.4550352148078136;0.3787428064388818;-0.07292321402703926;0.18344706509835787;-0.16571081264765158;0.059338308906032464;0.0535869895096752;-0.19756817704290822;0.055796508507607236;0.19353436947014926;1.2065588988948641;-0.18624451033844053;0.3326026628017047;0.28573487760269645;-0.050204206393801395;0.16566176371407323;-0.10552008378692956;0.02543646192745938;0.06320072605477418;-0.16300321292650866;0.030755556772088327;54.03424365221094;19.460071505483562;7.654006183623159;29.027452080038145;38.86918948877465;20.524941791248512;39.15728982431022;69.59730608495958;32.34565440893548;39.46629510846505;83.79706740235349;31.727556294018406;39.908204849859324;74.28753200985467;35.972498716939135;68.61562596897396;18.1723951933196;8.396191223722196;4.431825241973341;0.9367077210202532;-0.4285098156122458;0.022388422690595176;-0.19279826809817122;-0.37470876334475994;0.47143314142634624;-0.1885701802645597;-0.25037418759395597;0.5855197958505759;-0.12350357575725404;-0.019507956288783213;0.507259262015207;-0.1164464655910319;-0.4497176450554259;0.2776798739637693;-0.8540933354421629;-0.4166224072758424;1.046877022572199;-0.20767417808938227;-0.20044014304302246;0.5233599047898706;0.015300243999028176;-0.106396637888569;0.3375349724563727;0.05228395565257123;-0.14432490508636212;0.5751491045009953;-0.8052166350514102;-0.4523143056794228;1.0727503033816044;-0.20318773140993462;-0.21268213922271212;0.2989651666235652;0.09885783412418817;-0.05609076092599271;-0.05746692258917935;0.09911427713093703;0.08208542080650696;0.8935729908572426;-0.7283824000619856;-0.4249086819540126;1.0551033972237644;-0.1316827824547569;-0.23143111845366762;0.16464732974479965;0.11845741501961694;-0.07120662891591065;-0.15803305743054127;0.10585368750354775;0.21021482559435598;1.2044179498956344;-0.6583268712335227;-0.28575809976222794;0.8944380548358069;-0.10518042243958228;-0.21000618632072263;0.1449025998016899;0.041228646582123225;-0.11120519024875743;-0.15062905779148145;0.05899492815520023;45.6595716339614;16.172655950879143;20.581753950298037;55.28002200683978;12.029976686079463;7.658602233430562;44.295044596634085;27.911319485103775;84.61717465939782;40.663759451842346;43.2972063843869;87.249845789354;34.098379949458305;40.64833757098051;85.52402951517448;39.68868962573481;24.722698626649795;19.62716223372426;11.436535028963139
0.990741456539954;0.3222256468854281;-0.11324202850196272;-0.13244293392359455;0.30214607943507477;0.23795317778110534;-0.0753202932572699;0.23548380859653167;0.3450573149296017;-0.03315346193553791;0.19501862751931617;0.21518083089511075;-0.018286509981233566;0.3664627027584179;0.5820694822405599;-0.38867669201159016;0.46390688138913516;0.3742362744739703;-0.08558861243266845;0.23039201022178962;0.011738544095672125;0.015663048876863855;0.1370656535814366;-0.039366978296515566;0.03150841416392487;0.257461022400672;0.9088504951142862;-0.32818378917142976;0.5066446719241018;0.37894003505467166;-0.08599210959527538;0.2231985258005282;-0.127537089988276;0.05380533947395072;0.0858405727158502;-0.16911047178169497;0.04886332238293851;0.20057212223951185;1.1128330634937904;-0.257516397962271;0.45630372954618603;0.386745500606069;-0.07053655704799873;0.18894928848779305;-0.15661581419828027;0.0636883627234576;0.05902074446320251;-0.1895298008132712;0.05903342973937443;0.18541291368327253;1.2096079052751587;-0.19150841644565794;0.3332705047237918;0.30396644479270296;-0.04854512815700255;0.17002496030750575;-0.09645218159655121;0.027981010081387918;0.06727453777903926;-0.1559161139960097;0.03291681553516309;55.947604260423034;18.48977699347244;7.909942688532846;27.72674863326762;37.854460275278136;20.59841419837391;38.01174055774619;68.98875189321856;32.54971708251577;39.358530549355166;82.03705558049877;31.867019727096583;38.6645007337269;73.1370965953242;36.66686851582358;69.01483173637186;18.106480818200794;8.306103451507276;4.20258529072681;0.9567662865346884;-0.43808657624390207;0.01527777961891758;-0.17590324924900164;-0.35706393446172974;0.47023256543040426;-0.1884379226400755;-0.21692579648134222;0.5949029785543782;-0.12393012390640805;-0.03966781602764469;0.5134914759103605;-0.11821505968154318;-0.49883712037273326;0.25281123466257144;-0.8486068618284655;-0.4215955293423081;1.0717809153814146;-0.20929202401449995;-0.19332184629031104;0.5554688783906109;0.0169026161415132;-0.1029848799746916;0.35249148531584584;0.056848626351906587;-0.18722752969076056;0.5610558936622642;-0.806326321232746;-0.46185749641053825;1.1096631921328919;-0.20522359745040716;-0.2129441372846114;0.37422511418712784;0.10025421390435567;-0.0727785389179061;0.0176918811568177;0.10386416457795532;0.05007393531420234;0.8980698146255324;-0.7342332697052928;-0.4355787000241996;1.0753663258797284;-0.12913268219504168;-0.2313471443381831;0.21958424855180148;0.11871767441376799;-0.0856958089247804;-0.10444090737901265;0.10825881677848413;0.19260887231529733;1.2145372761770497;-0.6660851258104838;-0.2953940894197626;0.8998909195555311;-0.09585894512131743;-0.2083234179153077;0.1741469137064366;0.04757406018400517;-0.11574980497921974;-0.11321469053987955;0.06465355231435808;47.768973370908384;17.895307621792522;15.384508189673681;56.37008015281695;12.15983926087861;7.7150880157943185;44.17455468888348;23.84525395221016;54.92464600658344;39.972586204526465;35.96587305400151;80.48091864024;34.294223523894615;35.48165341629514;81.05426681079511;39.26229830047892;25.21234706549826;20.645918198298755;11.809268968579289
0.991352026983117;0.3260877532323484;-0.11278690477111189;-0.12598512595994102;0.3004459557934709;0.2539982232701235;-0.07119202030544865;0.2325712863499771;0.3550994256217446;-0.029923966110358073;0.19242825616341172;0.21903589732254244;-0.014772857539376513;0.36815471254915133;0.5846606212126745;-0.37915437887249137;0.45580263531410087;0.386098292742883;-0.08510045884760842;0.23264160612556378;0.02179738844804642;0.01660598920124888;0.13953317321466424;-0.03367191820682596;0.03264400346716098;0.25530730184936695;0.9111899634401546;-0.32334352034380726;0.5036581023549498;0.3956124449716092;-0.08561201745750643;0.22568153263900373;-0.1180897421051218;0.05507338139558918;0.08878285958386406;-0.16118191104075394;0.05090571928734539;0.19460621536451464;1.1174818292614923;-0.2575937394679545;0.45755579185798084;0.39472801812840796;-0.068149680317421;0.19444022175713757;-0.14752374260926204;0.06803236606315269;0.06444763063540868;-0.18149229645326875;0.0622654580918138;0.17729254264836722;1.2126135803865097;-0.19676116095773735;0.3339265629707738;0.3221714108279807;-0.04688591354106678;0.17437852648285626;-0.08738920067634452;0.030522330194146092;0.0713424272061648;-0.14883015904663274;0.03507502545338526;57.78409446663024;17.56770848027552;8.141518026619757;26.435980104447044;36.89174059698416;20.639071872290824;36.895369460534305;68.30950182117309;32.6899430920563;39.25918119472375;80.24799626977945;31.89649057914481;37.52287398502589;71.87413845503623;37.246920851691215;69.39557662586795;18.050406802026064;8.226120693404782;3.979947795479358;0.9768248520491236;-0.447191102117222;0.007768417256139618;-0.15775368486734673;-0.33772743598514204;0.4679356491300169;-0.187884236953465;-0.18128264677950104;0.6034589296134386;-0.12410587876890183;-0.06077551670270829;0.5189138060751195;-0.11981434438773346;-0.5493810412795455;0.22610940963542128;-0.8409714132071298;-0.4258963255532729;1.0956051829045426;-0.21053241529248207;-0.18541267063395156;0.5880042664392611;0.01855007111449428;-0.09917133532135901;0.36744033420651684;0.06152258483971113;-0.23192105329330978;0.545004512022955;-0.8057187517452616;-0.47087442337980573;1.146029712178555;-0.20691242458340617;-0.21275102742473984;0.4525259079668652;0.1015016935204464;-0.09016302421867936;0.09667085044977601;0.10862939734506685;0.01630860980552399;0.9008214266801673;-0.7387689568257529;-0.44583813590599974;1.0943034455738443;-0.1261675023645258;-0.23074980423856073;0.27685878028865873;0.11873007170835288;-0.10074038425389548;-0.04786721057083516;0.11054922775663581;0.17367511104394276;1.2225037307901283;-0.6727760868023192;-0.30487486480159215;0.9036436541780737;-0.08584792119003291;-0.20609585324146487;0.20450961115772598;0.05414060305377673;-0.12027307206179316;-0.07363013320278877;0.0704604603688483;50.18424749853813;19.708383846301565;9.977930681484645;57.604798122006635;12.447826835640681;7.831077096262831;44.20254563450624;21.14513162649942;32.1010407074393;39.28300558073797;29.913370696706988;67.17218036386556;34.510786730028485;30.77329941987436;73.08792761570285;38.88785754560634;25.643908057412972;21.71988121827864;12.24106954301628
0.9919441683890812;0.3300147296724273;-0.11224280229591826;-0.11940054512591011;0.29916080220750446;0.26900947073641784;-0.06736668290791566;0.23033830908528405;0.36485070135292763;-0.026960177457973696;0.19027593005315704;0.22372490208055118;-0.011389742858407026;0.37200262952083885;0.5854561428806901;-0.37123015446835617;0.44930221141165794;0.3988450164601063;-0.08471137910615609;0.23393219628932105;0.03300093813542155;0.01841999093786086;0.14063699810276942;-0.027925916946403485;0.03470160170164675;0.25505316878107925;0.9124678974778871;-0.31992220486708106;0.5013089309156796;0.41150296173126905;-0.08540813945190248;0.2276573654538565;-0.10667398676845832;0.057258422761043794;0.09120129580948047;-0.15276057075943217;0.05389199345716761;0.19001555473948045;1.1221312575904754;-0.2587979601502093;0.45905132474307536;0.4026553858937388;-0.06614497708118941;0.1998337262993582;-0.1374315441643946;0.07308013466158922;0.06981165406575605;-0.1734908355750076;0.06641436969108777;0.1697495675181211;1.2169877472682848;-0.20274047159877648;0.3347299820392717;0.33935181207153964;-0.04513639085368102;0.17880153638659213;-0.07833967734665709;0.03370642224489867;0.07570404598011538;-0.14228485167524202;0.03801717514009142;59.370993914005034;16.747116698842746;8.217548783127143;25.147882690415226;35.733540217875586;21.085210251226165;35.78605936595466;67.20930683378941;33.123266151944385;39.11791221979153;78.29488657700179;31.96267871014692;36.55879276770946;70.44667542252323;37.6752511254511;69.52978147288565;18.088672027794768;8.22011338490293;3.8120634610923063;0.9951044285493904;-0.45486703623368474;-0.0022281901018500728;-0.13976710129370296;-0.31930818874117806;0.4651465617985422;-0.1858972636409056;-0.1472897749405212;0.6106631869255442;-0.12310029794162687;-0.08153869494782882;0.5224117622277954;-0.12034348832871619;-0.5979319192221678;0.2008784377508606;-0.8285310487211397;-0.42825939909484934;1.113475244121981;-0.21092225364811729;-0.1784274925025525;0.6154617707887543;0.018862818372382142;-0.09636870117819381;0.38137577603474837;0.06475764870107256;-0.27689694203721715;0.5319488228028544;-0.8002240520061215;-0.47980203700016655;1.1722819353955096;-0.20778675809004743;-0.21468731019970788;0.5235860344840557;0.1007955741987168;-0.10759080504707375;0.1715507153291375;0.1117463180332859;-0.02031491086013632;0.9060778629599191;-0.738565959067584;-0.4556335109453868;1.1052798642347088;-0.1229165129544842;-0.23130030220705394;0.3284000420923274;0.1170613187572612;-0.11573537928663406;0.00592416995886841;0.11156507738797938;0.14978517315168624;1.2322628819838677;-0.6749971132956253;-0.3148202053462273;0.9016694552534745;-0.07584093427980214;-0.2046326790689739;0.2306849962640765;0.0598232925208926;-0.12523993687572102;-0.03602591575051528;0.07543699184838348;52.982520768224504;21.431355404183833;4.9044659699133755;58.74783752113257;12.676365751235252;7.9129971697613515;44.039777604840765;19.41546347341783;20.913990600063364;38.37652218761776;25.46553023094502;51.63255457746585;34.5377081685939;27.105986192323776;62.513327804058555;38.586475282238425;26.062102295489524;22.69216348752222;12.626813364596677
0.9923618612784684;0.33464115870489175;-0.11084326982647252;-0.11149269502621036;0.301823339544277;0.2744280183714822;-0.06636714183609323;0.2345594478950696;0.37201069078948384;-0.026480850562253636;0.19227269014780293;0.23646451528530596;-0.009192911911386171;0.39650952637294234;0.569144671834528;-0.3784312013824191;0.45800956053589986;0.42027564641640813;-0.08526376904692393;0.22609913828579498;0.055331136599916134;0.02858135535175292;0.12874801091752605;-0.02159247499819347;0.04559771726442179;0.2729347756844834;0.9036648478166057;-0.32999462274808594;0.5050181149143068;0.4202254359378783;-0.08688537139265493;0.22483439814293216;-0.07626975773030821;0.06823714498710227;0.08866527630840526;-0.13949074346208906;0.06594263270944227;0.19847652908948402;1.1269052565771955;-0.2707882070708053;0.46291201157777856;0.41020995477751365;-0.06775472592398353;0.20439940825527356;-0.11761790111035975;0.08493755706380038;0.07467314361290454;-0.16569678532312893;0.07939103233454042;0.16758940609706977;1.2345409624700676;-0.21576774553372802;0.3369649126339352;0.3470684175565214;-0.042495202986625985;0.18397166393069175;-0.06926033349952025;0.04308360858594828;0.08294929233959192;-0.14078843503311253;0.04849574867062023;59.31382138286181;16.44240527841832;7.0870127613631;23.955535662211783;32.30255746863335;25.712408310743644;34.48523415227256;62.51033049944183;37.07433717092972;38.51135300056777;74.90473108698497;33.41387359371804;36.41449514136832;68.30627415430637;37.8090928363749;67.50112302275436;18.931975826785017;8.844059417385242;4.130810257931673;0.9965441673965302;-0.4539664949201271;-0.031885451457024365;-0.13442318891030203;-0.3245950651861364;0.46794957202875925;-0.174496592278931;-0.14798647507581075;0.6133061554321025;-0.11345425913851628;-0.09093442282894679;0.5157551203439189;-0.11255204830520711;-0.61629560666232;0.20558349003051582;-0.7912223733208401;-0.41902103306836935;1.0868285314980022;-0.20696791789121805;-0.18716924764999013;0.592766745505173;0.006391482800189259;-0.10660016084310485;0.38644814723390414;0.05373914312586078;-0.3092362717083997;0.5645346470243653;-0.7652931206857698;-0.4931148626205831;1.1107450225803461;-0.20438290896792527;-0.2406809919782665;0.501447730410737;0.08334750217829687;-0.119483398155999;0.1751974860741116;0.09954243246642937;-0.06825117449823585;0.9510392140438693;-0.7067195841607202;-0.4652875470988976;1.0552122711808363;-0.12078816831126525;-0.24730773141419302;0.3066453356225569;0.10206943435034797;-0.1255746702420988;0.00783148232581862;0.10187115504497231;0.09157208198791225;1.2790840234012146;-0.6458292931374199;-0.33085100054651323;0.8624299585657632;-0.07198585089115567;-0.21529910077462394;0.20845403487096062;0.055433236587944794;-0.13468246245237323;-0.03582223717721825;0.07149405060370687;56.52707024080344;21.673164549633643;3.9981491982288313;57.79868831575247;11.237533560844772;7.351094824869953;40.58091528912028;18.147910345438728;18.555765743240286;35.47966795789863;25.386225078064985;48.266417606057516;32.71142265530181;28.97675347784285;57.72112501992152;38.61617344365226;27.00422404338659;22.201429528337297;12.032637369500604
0.9927795541678556;0.33917319272947455;-0.10936388751280188;-0.103396818022898;0.30437571479337816;0.2797960754774163;-0.06531711351799348;0.23873063407592168;0.3790991652351034;-0.025980044991797995;0.19420425435447705;0.24929435615531229;-0.006954979621490095;0.42121982962366367;0.5522719876808088;-0.38555813170765;0.4666270754232632;0.44184655956649604;-0.08578172850259691;0.21802071000824236;0.07800307096136008;0.03889648736008759;0.11659620769818434;-0.015143048406137793;0.05665107735118851;0.2909731725963378;0.8942540075018867;-0.34006526270120174;0.5085306142477624;0.4288776404242601;-0.0883426688983696;0.22184972600059236;-0.04532273363311614;0.0793629080952962;0.08604191157052124;-0.12592972782823966;0.07815924775574944;0.20697625065985012;1.1311823288623042;-0.28283871935590227;0.46660004733143096;0.41768002089650735;-0.06935651508262877;0.20893626351262215;-0.09741581701912275;0.09694804406557886;0.07957701950834632;-0.15768888668481548;0.09254214096374058;0.1653077843556342;1.2517539875360295;-0.2289005932187845;0.33906463243660556;0.35473548096803653;-0.03978852769104314;0.1891334225806825;-0.05999513835602952;0.052594155385359345;0.09027219426013366;-0.13919525624818946;0.0591231665381473;59.259230020045585;16.139634966516386;6.073694443157275;23.127173458762503;29.214326464618566;30.35623808091224;33.19943675400565;57.56144100738837;41.07389862629792;37.91338349169785;71.46965565336025;34.77931764209296;36.29230311389326;66.21822300545463;37.88508864084043;65.48057961046383;19.777430978315884;9.506018467924793;4.504640668713927;0.99798390624367;-0.45165293226311704;-0.06051994029010147;-0.12881863831249887;-0.3286873121307422;0.4691800921434676;-0.1628962853317238;-0.14819177967926522;0.6139202083488025;-0.10374782567606658;-0.09974954207967494;0.5076681875778669;-0.10464544827210964;-0.6321323887623355;0.20948976506283631;-0.7525614755672846;-0.40873965826938724;1.057559961469151;-0.20247948935312843;-0.19504524182861416;0.5688953464414775;-0.005712610754216835;-0.11617531560709818;0.3901362170725671;0.042892441355724474;-0.33958910549475774;0.5943159342581569;-0.7290183877764157;-0.5044487385640785;1.0475945020327369;-0.20043606689516186;-0.26510297225467333;0.4784056228343933;0.0661770397867701;-0.13062717419333664;0.1781748171274839;0.08740179358994805;-0.11448123587621424;0.991584611819602;-0.6736194863872138;-0.4731646565395469;1.0033509515032308;-0.11834254695775963;-0.2620327337169101;0.28459325793274437;0.08721940865438049;-0.1347096125270367;0.009654668386793139;0.0921550936620024;0.034877212422307215;1.3203901238019204;-0.6155177987625318;-0.34533345530962656;0.8216722063486822;-0.06802205780527719;-0.2249506637843566;0.1862521852700311;0.051003636703747246;-0.14340405788008476;-0.03551117880449937;0.06744669082656218;59.99362400429011;21.907502362081765;3.2034811473722606;56.88491959630736;9.829356059288651;6.9633996786899175;37.181858712334474;16.996747290935144;16.271752313158185;32.835456054030004;25.53149967308983;44.704093356234196;31.15214933225164;30.960165591302435;52.837576337897325;39.009399684912054;27.936224049557328;21.647669055955824;11.444240930272827
0.9932582352657058;0.34465583749190054;-0.10524632550786875;-0.09678696481209051;0.30603640657643577;0.286083511323884;-0.06501370587967203;0.241237989201998;0.38665197986434435;-0.02616017727914732;0.19413971831383076;0.2622282221154455;-0.005850263783688037;0.44027516444265713;0.5388213568185914;-0.391972689387928;0.47309666962408925;0.46453349729940613;-0.08618906021812073;0.21138808155329508;0.09951318835929082;0.04721154475011038;0.10639098988778993;-0.007145657334508587;0.06545638741235056;0.30298851277181393;0.8867099704891218;-0.3492039366380415;0.5113471474216844;0.4413543319790331;-0.08984266029941952;0.22012460033998857;-0.01555429474892266;0.08761769367467959;0.08488190306686559;-0.1113872775394984;0.08738173088398152;0.2098060536985626;1.1359530613320479;-0.2938300110788282;0.469805743086054;0.4296587982885788;-0.0706132464323531;0.2145681281122338;-0.07636883729540851;0.10586552300579465;0.08586871306442136;-0.14818783100416444;0.10238514014570406;0.15824714665959205;1.2684619618600532;-0.24096289892699066;0.34156641131117466;0.3640898896096872;-0.03751802008244381;0.19473084411152997;-0.04984648675923437;0.059907173214625346;0.09787148653552667;-0.13550476727206798;0.06721893420342683;58.92108907723465;15.875908148889959;5.079570353159809;22.765074817156986;26.870019585431738;33.50159124921516;32.03535430556976;52.79817223219604;44.250618754117525;37.29536140815891;67.90356930575692;35.92891688450447;36.28802042223549;63.94815567592801;37.84679930657598;63.4988717865538;20.500308107362855;10.11148215541416;4.862770861176058;0.9992133829558006;-0.4489755060732939;-0.08214050817759491;-0.1218877982630577;-0.33272053645728483;0.47216060837934687;-0.15058772427273143;-0.1529556635704365;0.6123220561567871;-0.09372589230383874;-0.1140932550095447;0.49151702137539566;-0.09617908017531221;-0.6464881893965135;0.22262100298457102;-0.7097736375016112;-0.39627366052325286;1.0271154873068893;-0.19520591929144443;-0.19953598912321305;0.5432936691900311;-0.014343368533309808;-0.12317319604623689;0.3869793440343949;0.03435280022490731;-0.36677574761428633;0.6255672673283093;-0.6885790768019115;-0.5081234852895796;0.9933840995384412;-0.1939177283899054;-0.2813337326508471;0.4521067789930064;0.05217733408991229;-0.1372836313726391;0.17429802663057767;0.07706181101280521;-0.15445844173750903;1.0276220961501843;-0.6365774801669172;-0.4749992349417876;0.9583767719626531;-0.11444327457297396;-0.2716606280242923;0.26352074473130704;0.07455414315318278;-0.14059194651784904;0.008432667303109017;0.08350064306328694;-0.012187580875731989;1.3534397759178753;-0.5814376619933163;-0.353459334412997;0.7886467777117192;-0.06370940419598217;-0.2305552709024533;0.16719549326354824;0.04719585556338045;-0.14891532639103525;-0.03710597005993702;0.06375728510084328;62.78777012735357;21.601946590932677;2.527488610223245;55.5462785626823;8.684569850396086;6.739040253936176;33.780383376640515;16.17921570283365;14.894559239890476;30.36845024290061;25.970705457303662;42.40087436204929;29.710644357848956;32.77358794020748;49.52954201643758;39.65006389502171;28.620634160524837;20.983038518375263;10.893026321495729
0.9940795612545916;0.3561840874385753;-0.08626154735308153;-0.09949993691335832;0.3031446084814461;0.2980394082671917;-0.06924390663760503;0.23447655430400594;0.3973868200367513;-0.030364674760201146;0.1829152234409727;0.27559636067115617;-0.011438957142336217;0.4262281024281659;0.5475049850928223;-0.3947914611438745;0.46779415659138474;0.49343813471342607;-0.0861375017846661;0.2141270962674873;0.1131323803433711;0.04345222265124387;0.10844561498624863;0.00935667012120136;0.06075496748651532;0.27986193288944594;0.8927121961889896;-0.35318866529776144;0.511184753418016;0.47643352157289987;-0.09171788413759925;0.2263961069692232;0.005420240127927511;0.07882202258667939;0.09253870579500757;-0.0923142621628874;0.07877373773216925;0.1799049229453723;1.1460963323009208;-0.29867181764961015;0.47115161532807853;0.4682333261537537;-0.06995181770518331;0.2267582526412949;-0.05191265021914342;0.09644061751721293;0.10006801783023134;-0.1309435759107902;0.09256416276022182;0.12414990205318006;1.2842891690336238;-0.246611906387376;0.3470953542046536;0.3835897662941073;-0.038027188158206;0.20299443375275972;-0.03530952157864538;0.054088795070222205;0.10684316160937672;-0.12014898949580761;0.060203141940351396;56.96990313579658;15.822731272259192;3.5130066098888144;23.023381278173;25.464795852812376;28.634567913905364;31.52309382292393;48.90473247775183;43.238997959268836;36.6088248337513;63.220135297366404;36.18957568636474;36.87096537356155;60.23430441129039;37.05502502467056;61.6685301481694;20.554388066810173;10.215237609940662;4.907103731585227;0.9992614153244168;-0.4490475786975952;-0.07065131731070921;-0.10832143626320656;-0.34076485137248336;0.49014677236419807;-0.13447031607041615;-0.18424838491303597;0.6056851744987201;-0.08165958875670988;-0.1610290486267476;0.4359178122177931;-0.08462521490690289;-0.6623370570976697;0.28895655991064656;-0.6470324767140706;-0.3749302117637647;0.9976721461706263;-0.17435289764057996;-0.18899907021279339;0.5110004409990413;-0.005985079275126994;-0.11891721307232206;0.35150449069808837;0.03719129479954187;-0.3852170949243454;0.6761055108281206;-0.6280836950645146;-0.47751083819278695;0.9899413682142685;-0.17504391978950698;-0.25969845959348653;0.40991104950847024;0.05354832820051696;-0.12268764606050203;0.1355562436725552;0.07564398443485587;-0.1687882878756978;1.0565204286081153;-0.580556983116645;-0.45046641435923657;0.9542288901482527;-0.10358324279089658;-0.25874654913390444;0.24759334931669452;0.07248376310484973;-0.1316832485711956;-0.008985219010866078;0.08017008699401378;-0.015140270319517033;1.362755033221129;-0.5290976530584761;-0.33308461152283136;0.8007142085666913;-0.05765255145224822;-0.2181385379085527;0.16394786260752117;0.0466671801756396;-0.13990013147690925;-0.049432934936074376;0.06215394365630639;62.292203411739685;18.39971625609876;4.451060254296826;51.68681959018717;8.666413403293507;6.552122278929932;30.066246444124847;16.698833901885866;18.73459879750379;27.54805088624597;26.959964560625405;48.133159551112534;27.53382695016919;33.24117047931197;55.36133484897926;40.02522598540063;27.940982480028918;19.985065130481733;10.550855015357337
0.9949008872434772;0.36795530577115865;-0.06645767387369544;-0.10226032443814331;0.29994745619265073;0.31029172143565004;-0.0736015311845999;0.22729651913112747;0.4083069847259961;-0.03471977013654015;0.17112430562957312;0.2893318260244904;-0.017245838028801676;0.41134931195657815;0.5561977628339944;-0.39747803377130964;0.46198657200655197;0.5232008082739978;-0.08603022637954735;0.21684319726284645;0.1272301878095453;0.03951428384720211;0.1105155434275748;0.026518469733309385;0.05582617523647997;0.2556287229254812;0.8984005066998686;-0.35711410722191744;0.5106974944285477;0.5126302659903411;-0.0936115951421392;0.23277947385913322;0.027236997417116746;0.06962266716172136;0.10044657146320503;-0.0724148250750985;0.06976965662951233;0.1486862869687395;1.1559348522339545;-0.3035228389471246;0.4722583578935669;0.5080714312614152;-0.06922016374480766;0.2392986236133452;-0.02643817482977401;0.08657568861789834;0.11477746084265161;-0.11292257166459096;0.08228960804373442;0.08860070304785543;1.299954722008879;-0.25233508927273296;0.352631060384522;0.4036369253238587;-0.038533203797529704;0.21146476773134448;-0.020164504767274157;0.04800216500607934;0.11611000180650871;-0.10409931922088475;0.052867016036166864;55.02799422213317;15.77241882974445;1.9893534233596464;23.324343317197652;24.124815863021723;23.53716884445476;31.13567383463885;44.91572108207944;40.896343380200456;36.07915497086946;58.35055184913996;35.68670302882988;37.51615110222524;56.50643963984871;35.51102171487953;59.91378775357408;20.608614736195513;10.30863109316803;4.9413583080359205;0.999309447693033;-0.44639026857735437;-0.05930763827944898;-0.0947757666274568;-0.34633852098498114;0.5042585033326995;-0.11834240650581737;-0.21285828805681573;0.5957034969570245;-0.06970082672852837;-0.2046409301887228;0.3804520737445846;-0.0731352712660126;-0.6733731224930899;0.3502218222046546;-0.583500336961302;-0.35237790102359096;0.9636447500845444;-0.15348402773950012;-0.1778416696603287;0.4772197944059739;0.001991687336479648;-0.11415215429846487;0.3156694388069101;0.039662129357699215;-0.40039819076406974;0.7200131624038466;-0.5668000836256747;-0.44553004244633343;0.9806616698617509;-0.15605112226885376;-0.2375683859689634;0.367336580039328;0.05452573709803792;-0.10807662185305765;0.09792841969211746;0.07383786950635199;-0.18137717949614174;1.07756083518276;-0.5238130386772799;-0.4244256619073721;0.9444960732158391;-0.09263736827550251;-0.2449074524411486;0.230959281161332;0.07007690054387511;-0.12242058473225904;-0.025477797827187062;0.07651939090219836;-0.017853443550917468;1.363332488591558;-0.47616256454804723;-0.3117066059581009;0.8073179130428072;-0.0515485379271356;-0.20501841961145673;0.15986740382013878;0.04588165855600244;-0.13048641714178077;-0.06084357776648788;0.060253474613180376;61.705251730560995;15.370577735358838;9.152067515555046;48.02164976468584;8.738756593093779;6.538241454439477;26.628309321736335;17.512509059449265;24.312819028321712;24.83727426095325;28.011575409482706;54.23761689434671;25.427044620505228;33.61204384651854;61.295358207672024;40.47746042325757;27.06769392143928;19.055667933565335;10.323015105953408
0.9954523890746128;0.3770481688013824;-0.04788230590301166;-0.10667364622025556;0.29688928459330655;0.32155012501596236;-0.07817605222994214;0.22036576886463144;0.4184993664584599;-0.038953366504362236;0.161180166931731;0.30044365757191777;-0.022803809151382567;0.39239301495304774;0.5646155910481478;-0.4022464959672598;0.45619567576114245;0.5503579382582118;-0.08646176747868185;0.2200771542985139;0.13959417699736024;0.03536993963433562;0.11410553956891344;0.04202165070467074;0.05075265444311884;0.22896601117611332;0.9035240335468822;-0.3622414754404475;0.5096231284410374;0.5465953595552236;-0.09592389605269887;0.24014567305705428;0.04802615764958992;0.06031135577041453;0.10994776565660971;-0.0530809232651074;0.060578403553451295;0.11739087296642431;1.1644163881533218;-0.3088388493513998;0.47185846359424816;0.5459446654042682;-0.06907363172409302;0.2515069542375237;-0.001579829487739508;0.07629291119690593;0.12990478574024197;-0.09511611656608408;0.07174096565472385;0.05554724455491807;1.3135969907871436;-0.2579403762578316;0.35615184527637905;0.42333685758099765;-0.039749171048482725;0.21937516651474795;-0.004573929125437003;0.04120628810336195;0.12572754535335742;-0.08795619323048472;0.04501362610420122;53.30015243893506;15.775445916303822;0.9861276746082781;23.871496923843864;23.121443906366807;18.96640351037991;31.078872224601707;41.26146834459642;36.84963181900227;35.710547423429034;53.79297172512091;34.245842926726446;37.93394333245341;52.98058475809454;33.29994931558461;58.60316087631614;20.592344277401615;10.31243648453977;4.912149253732062;0.9993276280003716;-0.43891773343780927;-0.04846104916850259;-0.08399480859598245;-0.34846464021476437;0.5073200976661311;-0.10368946253142745;-0.23513452180557895;0.5777799325742025;-0.059003861582617244;-0.23786375432114756;0.33152918070672643;-0.06263688392479774;-0.6718358751617047;0.41096792899913154;-0.5223643762020856;-0.3291269497976427;0.9257282236765721;-0.13498650319934097;-0.16699558685409296;0.4431869608883512;0.0077386377395287104;-0.10815719014609457;0.27872106385516005;0.04103262834223394;-0.40502655702514706;0.7609129926030486;-0.506917060072186;-0.4114395605280092;0.9639192350696107;-0.13804110433465655;-0.21696034883815493;0.3289308022984371;0.05411439040270539;-0.09472297434839985;0.06451355993857964;0.07113513711613141;-0.1862955898235702;1.0905435043893885;-0.4678351308350445;-0.3943898642499808;0.9276566356016882;-0.08262918167671801;-0.2305685225276414;0.21774835882414914;0.06642095710640257;-0.113449120797805;-0.03715116849761804;0.07222685082420009;-0.016757637654937832;1.3498851731759587;-0.42368439008009584;-0.2873885605430012;0.8037969883789098;-0.04675575919770316;-0.19097123727115836;0.15932500020399815;0.04372168378169882;-0.12104781128420761;-0.06466985506594726;0.05764676245915569;60.75299702031047;12.919259244128716;13.814777908385066;44.185539358445;8.824418883919105;6.90144689772923;23.41202135056136;18.442409770474843;31.750544869247808;22.32942525950954;28.703102811567504;59.61731397515916;23.45667765416268;33.07267880464818;65.92527642491821;41.36098105442261;25.970827546908904;17.997524042190616;10.061221046135168
0.9939922036596291;0.3642624717174966;-0.04425732285369817;-0.12305280674571319;0.2969067718911293;0.3231554552223709;-0.0834367597359545;0.21816728443028416;0.4217721965742434;-0.04119801167849401;0.1689697932220817;0.28923748026277263;-0.024949731154935758;0.3487049700566987;0.570681987520047;-0.423333187485163;0.4539141977732714;0.5517573893309011;-0.09127605756560361;0.22725006147279714;0.1355650644510475;0.030933041018467305;0.12889313934153948;0.040454184075242657;0.04618580138998895;0.19189238317292592;0.9062770218503132;-0.3766155505901763;0.5062516361136922;0.555760845841954;-0.10119213250443969;0.25396185016146555;0.05516224286785672;0.05299487098467106;0.12952754242412065;-0.04379553764115075;0.05276635653588885;0.09479436274309072;1.1644380696327774;-0.3174350076423267;0.46170276572658414;0.5599780210609924;-0.07376551310177762;0.25865364095218807;0.011473472401763713;0.06597081229866744;0.1444904911014571;-0.0843679799623254;0.06232448276024437;0.05138287899722205;1.3127290200813664;-0.2620338432543318;0.3444287728075298;0.43639681006516623;-0.04627346963232394;0.22155032327198204;0.010044578421411259;0.03099398709277065;0.13582430374164034;-0.0759877565751338;0.035544566840230774;52.97009202327216;16.154020442161517;3.0147842034042154;26.1394114347936;24.129308982385883;17.856074187019153;32.615986021795194;40.114670083072184;31.127144151786823;35.47414137522335;51.63338787113783;31.862466812090013;36.247620102930654;50.62136845518783;31.655992564148335;59.85102244024805;20.048636774439608;9.782385329462786;4.570000721574468;0.9991232448002656;-0.4114211693238695;-0.039345617289131864;-0.09083947016998166;-0.33936603475256816;0.4547001489568127;-0.09778523587858765;-0.22945704177706402;0.5208090326179837;-0.05538921675239932;-0.2197917126520229;0.3219205759970946;-0.057624540303778025;-0.6084521627142029;0.4976851950713931;-0.4759726177257295;-0.3049795670417447;0.8803297776844895;-0.13098036408302327;-0.16029926511712997;0.4116853791783168;0.0007676335125550884;-0.09579848694780954;0.23284658057493512;0.0368623042847552;-0.35451715633080466;0.8167915281347358;-0.4551584179540603;-0.3667786146597243;0.9234053324012146;-0.1256951577852202;-0.20723262708480955;0.31718051033878814;0.04618996660637761;-0.08878318723039617;0.05132341732184022;0.0640173864874737;-0.14825437846327763;1.0879589730563581;-0.4157247470592027;-0.34208567626865943;0.8882308421671002;-0.07850331733976662;-0.2160719743257525;0.22988213621797576;0.05564388669279597;-0.10737399438055617;-0.021756961986181534;0.06477528438274825;0.008967571639039683;1.2826019126868065;-0.3726719993018351;-0.2459841250838764;0.7578920136481125;-0.050622716655554754;-0.1728482081550556;0.18658519299513296;0.03334086112309826;-0.11254789701189147;-0.022071951160386762;0.0514799939404003;57.580862913885575;13.51483804246877;10.847728672900836;37.48560165045716;8.385078677272976;8.300853296572928;19.938428358811684;18.22109105171037;35.351469335027126;20.58663529459087;26.53340171998033;57.67297526919449;22.00595698536967;27.150675845023642;58.07808488125028;45.20424790714881;24.09801482139309;15.674914813002623;8.968440731887615
0.9925320182446457;0.35088291977996644;-0.04055788580470793;-0.13925435168255812;0.2964518120213835;0.32424833298653183;-0.0885705394940856;0.21561918864157842;0.4243774984644818;-0.04337959250176116;0.17649919310385295;0.27755858998458677;-0.027058334948341742;0.3044134932225672;0.5758469999503832;-0.44376965865197915;0.45090787307157265;0.5522803858491426;-0.09595044927373421;0.23406931587502572;0.1313157512462125;0.02644198921214056;0.14349206154275865;0.0388206013446522;0.041540379103583824;0.15447220736149703;0.9075909137116303;-0.39040628901306795;0.5020708016623915;0.5640521352480111;-0.1063051955172955;0.267389249051858;0.062218477082981234;0.04558592677479739;0.1489229563868053;-0.03443014393335535;0.044861663139984326;0.07202190104048635;1.1626068094091648;-0.32553558349129375;0.4508010786711901;0.573135877449284;-0.07834522456158109;0.2653966733684307;0.02452301931077362;0.05553226606025251;0.1588624745734743;-0.07347364733272217;0.0527983610892733;0.04713212129559211;1.3097711444199902;-0.26571488480707717;0.3321445873894315;0.4487768360957957;-0.052731382165388425;0.22337534453890173;0.024663343783862725;0.020721019218141484;0.14571614332138294;-0.06388510351149465;0.026008425161958615;52.66386715829345;16.532974618664994;5.520292924763386;28.589210318882635;25.213241456608138;17.10830179641552;34.16384305032832;39.183762382836804;26.356229644188556;35.25634285955523;49.62267183179038;29.56650104133075;34.58024580664538;48.3161973453248;29.991032071036162;60.96124635484108;19.51012791793046;9.353626015222217;4.396561753600697;0.9989188616001596;-0.3847170099027339;-0.031151651930401144;-0.09617501124295719;-0.329150065499527;0.40585464084031575;-0.09198706085995308;-0.2229622168753226;0.46773112334902894;-0.05186988391871244;-0.20258405927068393;0.31137953154393894;-0.05287457994130209;-0.549202654802717;0.569716983519079;-0.4323988042501461;-0.2819104508770031;0.8348748509733162;-0.12660744641002297;-0.1533879103706169;0.38149662120402655;-0.005299635306953712;-0.08440091860597615;0.19137301373258084;0.0329855137248467;-0.3081870775351867;0.859839437609735;-0.4070588001398513;-0.3254511783146335;0.8819056445361281;-0.11410573441793874;-0.19736653636542137;0.30480920945877926;0.03898525260742032;-0.0830151972994606;0.039504731862808354;0.05739314554274534;-0.11416694588259016;1.0783260177941933;-0.36758693963943323;-0.2942792206930901;0.8479161613209091;-0.07438251665514498;-0.20199885809483406;0.23887328058108817;0.04589430519837873;-0.10136211153086845;-0.008222306340516353;0.05785560887300287;0.03127760675107806;1.2153849690883534;-0.3257812741031873;-0.20830857644717532;0.7128277516956276;-0.05364181964173255;-0.15591488335866105;0.20902433947126944;0.024087261005557036;-0.1043922712548233;0.015121461292956533;0.04576784484667762;54.40877086329174;14.086579564771242;7.875503547473126;31.39979394447677;8.11012446885634;9.88256638488302;17.10703446641519;18.166932555640365;39.22383583191712;18.95129279488883;24.761242610653703;55.098891299086425;20.58919858720197;22.470623152425848;46.99125654708511;49.0428131016218;22.16269294002088;13.781467880609702;8.100164112697493
0.9912126261388128;0.33714100633937716;-0.03824843821513814;-0.15752137654426718;0.29477721798706263;0.32427134335617375;-0.09534732692391773;0.21332522689430453;0.4253126020318864;-0.04651340743887647;0.1820226123276665;0.2701840958584932;-0.02978424463325012;0.2622648255932803;0.5780429985262507;-0.46780914231294296;0.44710577292092274;0.5518195536150068;-0.10132623706195142;0.24075093435927927;0.12874583388747918;0.02197448248842411;0.15665025267114469;0.038367240208420236;0.03704693924423966;0.11906405416749719;0.9058778091109709;-0.40645927959084266;0.4953520913140949;0.5703899054700874;-0.11249625559678049;0.27912397606141826;0.06919501351011088;0.03899197592788913;0.1657875155634301;-0.026773637972624758;0.03781463880558573;0.050258483658008425;1.1573005808057633;-0.33445746655733666;0.4380076657552535;0.5822252774831231;-0.0844406223024142;0.27069569297956464;0.03506887140579067;0.046252586920416415;0.17045393684986132;-0.06514706955949377;0.044583280678244026;0.041995701759514885;1.3035635042247042;-0.2687540520490499;0.3184928284397996;0.4590956810312334;-0.060077392670032925;0.22450575605546813;0.037092910752851746;0.011354643793127589;0.15358804331463105;-0.053724970042727895;0.017557742037850356;52.55790181208252;16.82312456671937;7.30720703947613;31.24580406892899;26.099804890418543;16.45853677154054;35.552310629240296;38.55086394952934;23.255386095736586;35.03898527933933;48.300503651601026;27.99810549066178;32.94891391916758;46.67480355298934;28.75708727508099;61.665254239338665;19.12263788960462;9.16966003421076;4.5045188002950605;0.998728000890007;-0.36259773921789284;-0.013665848314588192;-0.09342306005632732;-0.31397545197120014;0.37203069654144133;-0.08507133884089527;-0.21149994222323495;0.42688380940190424;-0.04794326226606163;-0.18274861367268805;0.30431360547033526;-0.04822198480819146;-0.5034017797345478;0.6270273714817377;-0.3944141265128842;-0.2613391446641392;0.795558029073658;-0.12061209274421372;-0.14296519949110514;0.35858504608738745;-0.0070359620224516375;-0.07162279106934993;0.1596343028604403;0.0320599903759465;-0.2725806612972878;0.8887856835861895;-0.36845595630816336;-0.2890542695924749;0.8490721929913385;-0.10376779405169326;-0.18435653694016202;0.29558773291027773;0.036459406110644396;-0.07549443504140017;0.031310454642083624;0.054896231551438614;-0.08639117947193194;1.0641504636132268;-0.3311020555066177;-0.2530190230152761;0.8177058327570436;-0.0695454245328771;-0.18736313461220416;0.24312101599023367;0.04207188666466189;-0.09466948912440151;0.00026528229957912945;0.05532520029902932;0.05258636553102595;1.1557528408015352;-0.2918771520378797;-0.17617365457652592;0.6786858958207774;-0.05363342560498032;-0.1410900852627684;0.2211255291099482;0.020410999932855653;-0.09697522843212805;0.038131721102098434;0.04400429302780698;50.92812350220416;14.294512517208155;5.009549304901505;26.524068488704067;7.979136365094439;11.68008995868324;15.116006906988337;18.17582429602113;43.11412224762094;17.594273138976405;23.880353491393294;53.66138921327898;19.53621534041331;20.019884250598974;39.35132383301016;51.082617559606824;20.329372988035463;12.493033779145096;7.620855168159335
0.9904900986348454;0.32371796985936724;-0.041985284353975715;-0.185113223267702;0.28951003133605946;0.3214674950595192;-0.10945094054199167;0.21320931001272742;0.4214126525381638;-0.053855217843097;0.18001823396382197;0.2823126815665188;-0.035230560155571;0.23079162348355778;0.5707274002381681;-0.5091674441363456;0.4422872391922041;0.5500629072230931;-0.11012040110481015;0.24803480849532686;0.13390228545795563;0.017754564131959038;0.16446021772305727;0.0430656849740316;0.03341738889018461;0.09299417281438466;0.8961216296096336;-0.43395634431166347;0.4805790171038475;0.5714037155186686;-0.1237363256293729;0.2850926785608128;0.07613528614746974;0.03607049689332299;0.17274714267703284;-0.02648584135526513;0.03461676461419395;0.03316228515617439;1.1433894742741775;-0.3484668455914805;0.41962607570496857;0.5771560672182352;-0.09727830587793396;0.27128085389300427;0.035205007458865324;0.04214703507361324;0.17115964717437718;-0.06799458261512525;0.042163580398668285;0.03340040602060715;1.290452689773778;-0.2704530111543713;0.3008463764554919;0.46303626060026054;-0.07139771316464268;0.22386340814677638;0.04042731430472963;0.005925856156654101;0.15370883384164372;-0.05207212970163698;0.013819434435842085;53.1270468410357;16.776022966380157;5.675248367419434;34.188963509212826;25.958327494122084;15.508135518968722;36.23655489397023;38.51049415999872;23.742666810743096;34.73238646539661;49.27340789682274;28.823043559625933;31.388022902607396;47.472042467938714;29.09817937175473;61.07487651789077;19.33155528287177;9.630455244595186;5.112802719531733;0.9985944660260252;-0.35428793840203726;0.044034760131813115;-0.06251314849151136;-0.2806901408300772;0.3843466516804225;-0.0728615798868963;-0.18152353998433027;0.42030999627029975;-0.041812192932750965;-0.1486184688373452;0.31239396043061013;-0.04285692556711605;-0.49555820675080003;0.668235594098291;-0.36767866758776657;-0.2458858813740484;0.7765049271786043;-0.10859352576499373;-0.11834570781036102;0.35864620255012014;0.005760991027194934;-0.049869982770491;0.15207845940400205;0.04184818789812523;-0.2651793551539909;0.8967666239443345;-0.3542450165910514;-0.26023488646998133;0.849265252136522;-0.09546431381525884;-0.15814506521143404;0.29927426304411564;0.050196131186644184;-0.05998122464359429;0.0331232534091671;0.06706301341857095;-0.0709127567948326;1.0480325575934488;-0.32686722223216236;-0.22233284982414056;0.8261546109176305;-0.06142894867035541;-0.1680739817648486;0.23692392665432177;0.0585081409173034;-0.0845137191008996;-0.00558939405421847;0.068384094700217;0.08038231724507593;1.1197523155025682;-0.2953168006305009;-0.153449717129543;0.6817999041292399;-0.043873020936287;-0.13015244956494795;0.20579977542326602;0.03539934162207883;-0.09087953627725852;0.021191277926399393;0.05637303941585433;46.13643327199703;13.155841177116187;2.773452459687311;24.395924432945364;8.496072861788802;13.779831094536672;14.623021927618726;18.127282211343402;46.061808239748316;17.146193604185118;25.44666898255136;58.44342881221645;19.949820325699847;22.88894201276227;47.322354412720344;46.24722628581306;18.824488541808602;12.402690707731235;8.078089495583749
0.989767571130878;0.3100313761555085;-0.04559820504208039;-0.21197656667081002;0.28389675854548463;0.3182294755552235;-0.12316003015812359;0.2127768672984526;0.41694722275841867;-0.060996314802529074;0.17777783896174687;0.29382093389840025;-0.04053503192886331;0.19948936560472652;0.5626792811819613;-0.5490877355509555;0.4368870985363437;0.5475135294070897;-0.11860602646587234;0.2548289140533366;0.1387742774017309;0.013577264869917184;0.17189661260469033;0.047622836777319016;0.029797393388978844;0.06721251107041203;0.8851869421791655;-0.46035481506236947;0.46533023382629485;0.5715475333499418;-0.1346074503218179;0.2905378136739092;0.08284814881829414;0.033143009943857264;0.17933475437860155;-0.02616320352653657;0.031419581839878065;0.016296647705962373;1.1279986395055492;-0.36172627780526895;0.4009189275037357;0.5713079323075478;-0.10976038493501243;0.2714512741782218;0.035286335032858725;0.038045798855581084;0.17159817142116762;-0.07069389574006019;0.03972055159266444;0.024896044713626504;1.2756293991268906;-0.27172021855472467;0.28303971819311646;0.4662207436154967;-0.08242594050234453;0.22289724723237922;0.04364671246082025;0.0005771586175811555;0.15359808360825053;-0.05036859903476292;0.010121732716835453;53.61810857688944;16.793991155739967;4.1664288340605165;36.975048197535685;25.860284857198845;14.677566789089866;36.89533587541135;38.54874600414082;24.235007842363668;34.395013994717466;50.26646405696585;29.621730459741908;29.838562512925677;48.27193180973102;29.41609583756935;60.18284007890616;19.56914839463445;10.161719062016898;5.762518926093395;0.9984609311620436;-0.34649178738906306;0.09745323629148077;-0.03387255003134105;-0.24978756910502556;0.3956414672899901;-0.061534461450571724;-0.1537133703321774;0.41410251382496144;-0.03612284411096121;-0.11697131447605069;0.3197871481178967;-0.037876607489850354;-0.48815341903575066;0.7062036797366369;-0.34281643672067114;-0.23150582199355046;0.758639781661484;-0.09743324215722882;-0.09551411693625546;0.3586003554702267;0.017609388868028684;-0.029712521375417553;0.14503825537136816;0.05090015130823531;-0.258249936420081;0.9039007766567144;-0.3409843930422809;-0.23347363173915556;0.8492013598909062;-0.0877479710235633;-0.1338279205463779;0.30260249524793525;0.06290206599246428;-0.04559877366336179;0.034792449818471065;0.07831035330220379;-0.05655939588515817;1.0328078331376065;-0.3228523470982111;-0.19385376793501288;0.8337421602503855;-0.053895498028147235;-0.1501641027307286;0.2311176924468416;0.07371147850189745;-0.07508527547762515;-0.011009257204416877;0.08045715787149776;0.1060985425222162;1.0860956909715052;-0.29841755005572657;-0.1323633886760091;0.6844886766928807;-0.03482230018045775;-0.1199869536820674;0.19154924464745654;0.04926850779380532;-0.08520892657725476;0.005498285795164395;0.06781045399342875;41.79878809991535;12.163632025861444;1.6940027220521656;22.56789693370425;9.933965768732666;16.58107830225647;14.257943425497004;18.495461740552734;48.74826875901515;16.84860562278572;27.10191981029856;62.313508123480474;20.486422694655733;25.884544090772685;54.58238250618868;41.68739280880534;17.567936925605842;12.410636100555639;8.60724624371939
0.9889059417567988;0.2976670189912883;-0.04646187665601599;-0.23325047341688188;0.27801066197901686;0.3144612388192024;-0.13455735161126478;0.21195612828083465;0.4110458242275059;-0.06725290934967944;0.17627382033070105;0.3005850489480447;-0.04543267492233103;0.17217892125172887;0.5557964316636247;-0.5813398836050767;0.4301990113888645;0.543262066219959;-0.12621965710285318;0.2606219230938614;0.14205738741198234;0.00963067776970263;0.17756100949241374;0.05059017066455808;0.026613831287361008;0.04458970415713414;0.8749578167842412;-0.4821416567061316;0.4507714741884971;0.5702415178761046;-0.14380480143988647;0.29524746193946827;0.08705225333165559;0.030921397445426498;0.1841644299593987;-0.028076419014150304;0.029101014689196292;0.0011274618882808635;1.1129581606576682;-0.373414691293304;0.38306174273571186;0.5646660412343145;-0.1207366769080552;0.27195020560278443;0.03481337496776287;0.03423248418172696;0.17187699639106235;-0.07385942735984895;0.037639520939647626;0.016532055564093363;1.2602240380097816;-0.27410282039409245;0.26622126224906995;0.4669225556302654;-0.09198323320623529;0.22181712648218294;0.046006068960006384;-0.0040728457943035624;0.15324953166429203;-0.05013914927714848;0.007071823946772957;53.65470340358708;16.767372681624618;3.195632925276948;39.13269113680702;25.95910381317307;14.138037291309047;37.43478755613726;38.94551806734629;25.083241849775938;34.053227376095954;51.303338573366005;30.434757614165385;28.508915477205594;49.09108748007998;30.036201446426134;59.08059414458574;19.720325710229858;10.604903693209526;6.312979510481707;0.998327396298062;-0.33917059462309024;0.14700969679649656;-0.0072814181220807695;-0.22104390061737625;0.4060274933989749;-0.051006055044047975;-0.1278635385622198;0.4082392232600291;-0.03083338756024964;-0.0875692141301067;0.3265705228731955;-0.03324480746639229;-0.481160642526593;0.7412701790617242;-0.31965624601782683;-0.2181020368707285;0.7418717120225652;-0.08705085783971647;-0.07429946725481161;0.3584696392277003;0.028602163541905295;-0.010996045593881381;0.13846822375527013;0.059289227509899255;-0.25175489679545043;0.9103001213091562;-0.32859269785563955;-0.2085777421980066;0.8489332789368325;-0.08056446547309752;-0.1112250328245675;0.3056172018325114;0.07467962920908955;-0.032238474709510544;0.03633316252246799;0.08873033178918673;-0.04322340220408009;1.0184230680977533;-0.31904656170784973;-0.16737321584213577;0.8405795742497569;-0.046890066791018925;-0.13350410962161519;0.22567180838749573;0.08780435142995024;-0.0663157947526706;-0.016037002719502907;0.0916430045724701;0.12994100170650402;1.0545902357790866;-0.30122214712341777;-0.11275954677664582;0.6868159799517887;-0.02641330216823161;-0.11052233781582077;0.1782755051194525;0.06212907739378375;-0.07992479476904933;-0.009068534573716215;0.07840943196404153;38.2567900817949;11.336555767752007;2.802542929775373;21.004341863514554;11.8476149341949;19.891796885371033;14.011098993711682;19.21018393950359;50.83922739078962;16.67619014313927;28.83444949839188;65.14098488631606;21.113168670218403;29.002289737897108;60.53342815557416;37.814513625899664;16.52687189922106;12.499059575825024;9.191202771844862
0.9874161501165248;0.2920640744731978;-0.0355331137909291;-0.2326120086402712;0.2721581865569728;0.3099401717115729;-0.13728031205481084;0.2106023542308065;0.40082306758008346;-0.07040426155450862;0.1789427478871279;0.28861985561211634;-0.04911630027468345;0.16170563693661144;0.5568354788154456;-0.5852460461669216;0.4199026358550039;0.5343905476322892;-0.13121307323842618;0.263889255572973;0.1393737059642265;0.006502925062565159;0.1768110125117951;0.04703491053573922;0.025303637908641118;0.03469313980401157;0.8722630093743418;-0.4878049082653392;0.4409356758627978;0.5657736217325652;-0.14705201193624157;0.2987335825753713;0.08097475061065669;0.03184771639461119;0.18262632509424617;-0.040130908385504836;0.030674958880190693;-0.007534069570200738;1.1049592516350677;-0.38110007049377087;0.3700268423334661;0.5573782363123337;-0.12648376312017537;0.27550905197077186;0.03206906290730455;0.03164166225273089;0.1724683262615795;-0.0797127400836849;0.037238785456894775;0.008344465966015301;1.2485823792739605;-0.28314745211053216;0.2542225188243535;0.459439058911966;-0.09620656961144178;0.2214537593180446;0.04499372079531334;-0.005966167684623532;0.1527206378655518;-0.05668354163857136;0.006721977863614879;51.98831830808443;16.277056906058966;4.080543294993072;39.144513913684015;26.793558881318706;14.498267695704413;37.54841321365693;40.65086696341535;27.524702825177293;33.80502071555506;52.459738185449204;31.39279443752538;28.080648466560486;50.01483491187072;32.07549102856118;58.036087430332486;19.456496450422335;10.453945963894808;6.296062501472278;0.9981938614340804;-0.3322882334077073;0.19307667044635912;0.017455625152331806;-0.1942591108279134;0.41560246380275634;-0.04120152475626155;-0.10379044192995879;0.4026983495281463;-0.025906498695985655;-0.06020030265091268;0.3328111332693254;-0.028929168813648935;-0.474553607775645;0.7737320842323249;-0.2980443423093783;-0.20558727695962664;0.7261161445943161;-0.07737450044233132;-0.05454947298426669;0.35827187336465777;0.03882174059690573;0.006416655975360937;0.13232725207177773;0.06708028189743515;-0.24565961147803794;0.9160594635554079;-0.3169959219280866;-0.1853748668474664;0.8485035151789947;-0.07386513454745595;-0.09017583098836578;0.30835658923232245;0.0856194380730912;-0.01980366063746965;0.03775863764735965;0.09840430798671451;-0.030808863088598412;1.0048257240743328;-0.3154385648105987;-0.14270501763600144;0.8467612305858306;-0.040363538940852504;-0.11797834926848004;0.2205580067688178;0.10089510952096704;-0.05814419207562677;-0.020710484264348406;0.10202878471094574;0.152092027155585;1.0250592668582772;-0.30376702120038906;-0.09449977924286615;0.6888349325291119;-0.01858550518918256;-0.10169471582991128;0.16589017847406562;0.07407898298826168;-0.07499242758972545;-0.02261689679360948;0.0882521094400271;35.60354721889888;10.684047669067253;4.392518437770937;19.67223985580629;13.935534435987714;23.42332372732599;13.870891375058214;20.172571966357133;52.20040783519552;16.605166301495967;30.6224701623028;66.96244353379106;21.803000785013044;32.22663445705641;64.92491497755003;34.77823611269946;15.670073931655269;12.651956565935143;9.815241160836432
0.9859263584762508;0.2864873618035702;-0.024727560032401;-0.2319496484788381;0.2663375503659373;0.3054302540943192;-0.13995286466076276;0.20923603128564777;0.3906659829205272;-0.07350920828435901;0.18155628127887044;0.2767558756059;-0.05275015717023219;0.15133320960565577;0.5577872536407961;-0.5890275238686888;0.40967022122203767;0.5255508600651726;-0.13613030745583002;0.26708272807786426;0.13670265886819397;0.0034109286441268865;0.17604595255560856;0.04351494710492854;0.02400537718278722;0.024907808368015334;0.8694821189098959;-0.49333603758316663;0.43115560718173424;0.5612817470392494;-0.15024135644156947;0.30213858111747;0.0749575083975066;0.032758890534067844;0.1810816035219139;-0.052038798626807166;0.03222633121628299;-0.016093137907902687;1.0969049984282888;-0.3886440352759934;0.35709470436814617;0.5501006129453414;-0.13214647802022414;0.2789890568405516;0.029352567933357044;0.029076917323877807;0.17302946876968456;-0.08548674552767367;0.03683772098796116;0.00025164690952174146;1.2369086705215007;-0.2920479606167576;0.24233002098671766;0.4519812452106995;-0.10036746501659596;0.22106477968474472;0.043987161132861476;-0.007836509627290718;0.1521773406166564;-0.06314363858724438;0.006375322683473802;50.2827268970273;15.782005070616883;5.0395511614930415;39.13672514584462;27.633084638628922;14.871055251096871;37.64764251809935;42.3344313523013;29.903025201438993;33.53571192395818;53.61490168934754;32.30714080743466;27.626022323122214;50.957703604812885;34.04217614809012;56.96786123213362;19.193825316478108;10.301610469847532;6.276325054245905;0.9980603265700986;-0.32581121696250087;0.23598461872292678;0.040512238640261704;-0.16925454077378277;0.4244515790375556;-0.03205415735855123;-0.08133039481443918;0.39745887858412715;-0.021308882168460958;-0.0346759422109965;0.33856723404081424;-0.02490080125289104;-0.468307009600332;0.8038503078929184;-0.27784278556316794;-0.19388311703432728;0.7112948982034534;-0.06833994356305689;-0.03612849756784062;0.3580214336364628;0.04834125377462872;0.0226475656724868;0.12657824028888126;0.07433071778824768;-0.239932284473947;0.9212593476457211;-0.30612695608602186;-0.163710990530828;0.847946384898504;-0.06760640439823243;-0.07053716507870758;0.3108533659917078;0.09580171845588611;-0.008208293602562292;0.03908049881210668;0.10740422298278239;-0.019230366443804776;0.991964962618947;-0.3120170135704431;-0.11968304002767731;0.852367577164979;-0.03427207486709827;-0.10348349876093786;0.21575024729020228;0.11307968384352426;-0.050515912200248446;-0.025063276452798183;0.11169157370118062;0.17271312538239134;0.9973414730835392;-0.3060833194824632;-0.07746062209284106;0.6905899424222343;-0.011285016988452306;-0.09344686295067102;0.15431399810626475;0.08520500258677743;-0.07038065036092632;-0.035242487267890935;0.09741116006220003;33.74406182986298;10.206033328614412;5.825694426691367;18.541748153006555;16.036648318986312;26.895523819292528;13.824534362650537;21.28360910185213;52.87973520702268;16.614208093192946;32.43810557127693;67.91514848851648;22.53437801557893;35.5307911639754;67.80620180275768;32.519490806853405;14.968921591371384;12.855400789927202;10.467204479691668
0.9844365668359768;0.2809393257775713;-0.014047418135985805;-0.2312646290540474;0.26055114897548853;0.30093381547341136;-0.14257516258804562;0.20785842284083222;0.38057839648871344;-0.07656750178917239;0.18411478384699687;0.26499672015829867;-0.05633379662774435;0.1410643634237184;0.5586542378337719;-0.5926864017779188;0.3995056990715777;0.5167472201361887;-0.14097106160634595;0.2702030007446051;0.13404541463489233;0.0003553013183776843;0.17526681842995276;0.04003116737068885;0.022719414275558344;0.015235716645561836;0.866619836578688;-0.49873633493723324;0.42143521512568144;0.5567694423724802;-0.15337293757788228;0.30546324440398437;0.06900204570763763;0.03365490061470398;0.17953142852232531;-0.06379804113816667;0.03375498639712244;-0.02454816881543362;1.088802196266761;-0.39604698734673455;0.3442695300248302;0.5428372037064307;-0.1377243606057982;0.2823908819633681;0.026664554367044485;0.02653888312364512;0.17356114245776252;-0.09118073826221457;0.036436580929849985;-0.007744839143106119;1.2252110742324365;-0.3008040243452009;0.230547220967489;0.44455271301181715;-0.10446559629740061;0.2206513189515551;0.04298679434389365;-0.009683548243199508;0.15162047188854882;-0.06951849556991474;0.0060319557463763;48.5396580882236;15.283374395093562;6.0573290932688435;39.10888812137457;28.476088764439123;15.2551180794293;37.73242092716714;43.995866226943434;32.1941529440558;33.244945134174124;54.768860833594616;33.178692842150106;27.144345382971157;51.92008839605326;35.933819118012515;55.87874397893109;18.932446988404926;10.147906884346455;6.253726139707966;0.9979267917061168;-0.31970866311982743;0.27602694568495756;0.06204288206216463;-0.14587058947643058;0.43264928916650663;-0.023504458554134973;-0.06033741492671192;0.3925007959149715;-0.017010827991373885;-0.010828091281430325;0.3438895703512098;-0.021133904423129263;-0.46239678039050486;0.8318544727750108;-0.25892786599733186;-0.18291910425709215;0.6973360350623315;-0.05988978733042763;-0.01891567700680974;0.3577299396596773;0.05722564849344393;0.03780519899921529;0.1211877451300043;0.0810913917041271;-0.234543821301103;0.9259684441426349;-0.2959250518992003;-0.1434484686918499;0.8472896472046816;-0.06174926269554153;-0.052181369384833774;0.31313562695177516;0.10529757312920407;0.00262424522644405;0.04030896491994927;0.11579376617408808;-0.008411814226739348;0.9797922633726851;-0.30877078398130153;-0.09815899561297457;0.8574674254271041;-0.028576535320528354;-0.08992723847251989;0.21122463880580727;0.12444310126510305;-0.04338222326178635;-0.029125185317591895;0.1206996174683264;0.1919475030445553;0.971289972426675;-0.3081977625740287;-0.061531911510177936;0.6921182701757238;-0.004463824967289528;-0.08572752963446367;0.14347589235000188;0.09558410660746071;-0.06606147950223887;-0.047030371133276724;0.1059509582294647;32.50533942058644;9.893769838604259;7.007378974596051;17.58632128478226;18.06904674817098;30.099828953064538;13.858823144987696;22.460848965143683;53.01199990514768;16.68490175029932;34.25164560273713;68.17322576783992;23.290572287574903;38.87852918512162;69.3896031132011;30.880589222528673;14.397872174904833;13.097592649741003;11.137285718068492
0.9871092029798132;0.2700257141790735;-0.019852102744730007;-0.24352918056777043;0.2554219237568838;0.28731072269277524;-0.14826117005615685;0.2093524553119677;0.370595656888195;-0.07962128640546605;0.18892600594852577;0.24267753308824827;-0.060084918429746434;0.12412004579839983;0.5562206088226678;-0.603448132990522;0.39678296116524053;0.49551974226903545;-0.14379712726009503;0.26847744078791747;0.12057456167387642;-0.0028384521813376784;0.17453274144550618;0.029989707113970244;0.020824491831744642;0.009332065329809017;0.864474161447887;-0.5025906254056604;0.4095677296776598;0.5336204766333891;-0.15407980288028691;0.3031325192664801;0.050577791464902225;0.030391753217470927;0.178627614164156;-0.07637985480707263;0.03126153482207478;-0.02073930472033557;1.0821195560416073;-0.3934605487249625;0.3330953752563007;0.5215587772704668;-0.14405945752894192;0.28103944205059983;0.015491300821928894;0.01760237614552221;0.17306383514739074;-0.09565003893366628;0.030779349049076532;0.004180210835914477;1.2162612799480412;-0.2914148904537314;0.22404136182666676;0.4253621589584783;-0.11145320178095934;0.21709325534273743;0.03210964852680656;-0.015239662590029273;0.14833680186412768;-0.07335662794926555;0.0026559643362794897;48.52594712727868;15.709804046557895;8.30078798404149;40.36407970430128;29.532076844692238;16.13039450291503;38.16737002732835;46.589189879298424;32.52783487106499;32.93117233956481;56.402531711304555;32.31118066996898;26.83286079419866;53.880783234835334;35.046861691559805;55.90681962273071;18.89740120676594;10.310928881141988;6.621058071785754;0.9968189752209506;-0.30773215028092077;0.3054916218100335;0.10469797267377015;-0.1395501871629979;0.3898387946975152;-2.7961392880238615e-05;-0.0521519067373137;0.3663333277685601;-0.001760277194266568;-0.008257616871449502;0.3248843035390145;-0.0043465652800920695;-0.45191307119558294;0.8443143791794623;-0.1872807985350242;-0.16791437142342067;0.6411875921253608;-0.031197092332615934;-0.006634275348606168;0.3253556363256287;0.07417699151769457;0.04382427368637244;0.11586711204315038;0.08838795001785678;-0.24784550864341914;0.9385348917572963;-0.2402599858474253;-0.14530947283935525;0.7952701194990534;-0.04515544719014609;-0.035759797743806554;0.3051211082636529;0.10761694417681036;0.015367915522420115;0.05256038552532156;0.11720101161847829;-0.03344400039434313;0.995521845792612;-0.26617968570649353;-0.09997481144345505;0.7972098229649333;-0.014220556227113353;-0.0677700445824521;0.21551229337202213;0.12703344648604253;-0.026106895882108558;-0.008790920897136609;0.1212814333642327;0.1672660160285392;0.9865621095971928;-0.2756705846119732;-0.0522989748153489;0.6568384869692955;0.01088627797328918;-0.07098770610075762;0.14395469951179354;0.10185868545738898;-0.057721647752353264;-0.044567186643344296;0.10900713119227218;28.686696279588876;11.59656730561906;6.664330793010701;15.776231866999343;20.52354110499771;30.05407157332674;11.567066562637889;22.790132817170782;48.139360009521035;14.87110254483478;31.921656320092225;61.70120107993381;21.531798150793488;37.50891700980487;69.3675332371276;29.88694058572669;13.350718918243244;12.505756274957914;11.151171858751718
0.9904611740518056;0.2584167416488622;-0.02819487029938312;-0.2576623730671869;0.25046891720356407;0.27243386402923175;-0.15434381159247051;0.21127519920439028;0.36077238254698113;-0.08262506589133134;0.19401684845546577;0.21901112642267942;-0.06380329653895243;0.10636855158684674;0.5532820491857237;-0.6151590837019687;0.3952768868415436;0.4726237737148964;-0.14625436794534116;0.2659981037739952;0.10558352800314155;-0.006005021166110358;0.17381205708583877;0.019056419062449134;0.018861030261888193;0.004119691581443356;0.8624505614563205;-0.5061245471076772;0.3975285687186247;0.5078410431477498;-0.1543847733616611;0.2999272601076018;0.03044771758245917;0.026514874959648396;0.17783554106087657;-0.08889706184845109;0.028164336831068545;-0.01503336203393318;1.0757345935329659;-0.38930997180300103;0.3223465860232627;0.49835822687544007;-0.15041363608955577;0.2789428619913565;0.003136765855064171;0.0077827874959855315;0.17240510309884355;-0.09985258030152873;0.024370328607086343;0.01909753131593856;1.2078517749991005;-0.2792690539622893;0.2184702709215275;0.40457933153983117;-0.11879071780393016;0.21308229785475524;0.019824350144755032;-0.021301162533416046;0.14466462326880875;-0.0767291991017111;-0.0011516279557601877;48.72532547718001;16.36636745470222;11.005441800639991;41.846425185511244;30.663653343077907;17.038776855520382;38.669308097985095;49.40201489897829;32.27897412250606;32.65219615240788;58.09416297867896;31.091330811263845;26.700543958005817;56.00527593788438;33.61376878667774;56.07719194448616;18.951162149057925;10.557230745754364;7.068168257874443;0.9955521497224248;-0.2947348477800768;0.3300331520167131;0.14668835154274504;-0.13567601097316764;0.34162008456692267;0.023765664495167056;-0.04626063422989718;0.3378334276683036;0.013883354021271084;-0.008920806855563292;0.3026883876859361;0.013020958110709012;-0.43995939588860844;0.8505199790510398;-0.11295766272237125;-0.1528931887539246;0.5810346847848946;-0.0017166512458921149;0.004002946195139063;0.28971570250035633;0.09069951357664036;0.047900199161696265;0.11055385290913293;0.09487363241292981;-0.26190610398816017;0.9478676367261005;-0.1815272319543823;-0.14968598885512918;0.7370478791315161;-0.028147942926004386;-0.020768959354960724;0.2951494245215959;0.10833423382820977;0.027336987452926193;0.06525315055689179;0.11707073529418469;-0.06156324794889721;1.0104509139981412;-0.2202881040229271;-0.10464823106338403;0.729370730153932;0.00031328845104381216;-0.04585912312116889;0.21995696170930207;0.12770072383695372;-0.008625396531684287;0.01350035546527392;0.12016756132085932;0.1375853773102407;1.0030337412454386;-0.23970052357488875;-0.04456168500724795;0.6166442465613079;0.026227215122809313;-0.056131337354858986;0.14550612984993347;0.10668556205900585;-0.049245591968422646;-0.040084031724969674;0.11064241045530633;24.521938095370224;13.911311201992472;6.105123757706717;14.188891058062339;23.275348464770925;28.734941492747016;9.200938616956117;23.424107910209607;43.28588836973688;13.147772632935167;29.787174211339188;53.33110084874442;19.709958602931344;35.641437775121;68.75205079400924;28.821534936505252;12.346596591757965;11.863627790527651;11.064594726023797
0.9924959786568298;0.2496152816058854;-0.03488752420758435;-0.26743125147534746;0.24581896229416725;0.263970274586209;-0.15890666214781374;0.21258265170310497;0.35527089834265135;-0.08509160248609458;0.19866760318605484;0.2035076719305459;-0.06679543944054242;0.09116076536148626;0.5505941397067394;-0.6220783303192118;0.3943559228089826;0.4575665151724121;-0.14736647278755022;0.2640476480639958;0.09404942901498815;-0.008744382288975295;0.17346669536812234;0.012915737910198209;0.016455774667565946;-0.002723139750747885;0.861539209612521;-0.507683735026178;0.3915132253342033;0.48910918937669406;-0.15476347945856508;0.2985164595219875;0.014921494274999553;0.022431538885765327;0.17759816932547448;-0.09715981131465887;0.024251064488183195;-0.014337595356361463;1.072024574227551;-0.38579547007760007;0.3148413592747911;0.4843821078212929;-0.1539596505890897;0.2766908712368367;-0.006350681190562205;-0.00010042596133768807;0.17189938326420126;-0.10388963342731351;0.018139192091518114;0.025729567335587653;1.2020362999747896;-0.27054583508965124;0.21388468943687045;0.3913596351326022;-0.12322425138116017;0.20919159964890185;0.011201003104388336;-0.0260415247785681;0.14198524135301904;-0.07814630629050978;-0.0050285565256963346;49.19881327493162;16.71360928292625;13.197642667097952;43.07747184011445;31.6380541788471;16.93198359697498;39.369698551077214;51.390709360613876;31.49116949010343;32.56138216175685;59.47163412429492;30.238601928635557;26.733759080878073;57.60215071496352;32.223388223271165;56.41048238423601;19.05668274545089;10.73174991558039;7.36186164032496;0.9944896477543168;-0.2904600123248547;0.33165964424059535;0.16513593835367596;-0.13775501129235;0.31651137466362933;0.03340240033533004;-0.0460513264077423;0.3278753710448086;0.01958205865818078;-0.00767707942607404;0.2910070608748771;0.018774971973218868;-0.4434181250148035;0.8433461927699517;-0.08110837708002586;-0.14323879074915313;0.5529445767772163;0.01047066460769801;0.008047620762328523;0.2699306282521304;0.0955054881809738;0.04961965689859004;0.1117607409447382;0.09430098823991932;-0.27595024167092086;0.9480598326826208;-0.1582214200908383;-0.1562655387953441;0.7083350435632826;-0.021222001734603466;-0.015299367520690344;0.29014292208301895;0.10485345139703665;0.032198422775702194;0.08092696662479909;0.11161327035423091;-0.08152708972639038;1.0200385864679518;-0.2043063487768678;-0.11719872729363637;0.6979275786499209;0.00532748236857013;-0.03727668650237885;0.2274250604817909;0.12299302976632183;-0.0009437053004881268;0.036114749932173305;0.11368885791060417;0.11750265752355794;1.0197538088162768;-0.2296934879536307;-0.05204946769795194;0.6002601688309709;0.030923663579766756;-0.05128000231460694;0.1550355685624142;0.1052237313764767;-0.04517618441373482;-0.022349481439726673;0.1062865188523669;22.807546752521937;15.624410779083249;6.478762198599308;14.463507701520916;24.33365550782231;26.533379255523478;8.329103652757151;23.421194992839773;37.50654396268613;12.717408410082767;27.657715249798702;44.486125961330124;19.312444298352442;32.37260275809442;63.94933224284159;28.64061294146637;12.178869021281365;11.680009729893207;10.97998327525988
0.9928310574166118;0.24423736603494037;-0.03958885919370846;-0.2718064223742864;0.24147713697063206;0.26351428593944815;-0.16160836913771487;0.21312578690895928;0.35516590996198827;-0.08691312338024014;0.20282908141558764;0.19812455812865104;-0.06891108241176938;0.07894379691795411;0.5481736286382232;-0.6230108300687004;0.394157254105839;0.4522207425369654;-0.1467854107144322;0.26273406164786794;0.08672331493401655;-0.01098395809718651;0.17358977118950894;0.012764941313474332;0.013451571547308982;-0.01174356035302957;0.8620122232257982;-0.5067514339393145;0.39304718140348505;0.47902613930504734;-0.15523926586307646;0.29935759430237635;0.004998531740033267;0.018021753358623927;0.17805865434739532;-0.10014752342551829;0.01923981481049851;-0.01999319937892268;1.071636228655989;-0.38302753224749925;0.3113326622257921;0.4818937106028562;-0.15399256475940118;0.27420183606073556;-0.012345555025512048;-0.00564798427320851;0.1715773014600797;-0.10777804450800448;0.012036141861781481;0.02194339011700451;1.199404707525291;-0.26602817947031293;0.21047541995976216;0.387531284545877;-0.12403738699297835;0.20538937119806883;0.0070928787624239065;-0.029177926963075407;0.14052241261064383;-0.07710106728343194;-0.009054130885165193;50.10579226194305;16.591720933160996;14.453602304250147;43.978023924196194;32.39750416304952;15.56332898654391;40.32852958641095;52.26584765268571;30.280270032937512;32.666939090665764;60.5067759308809;29.896540662779085;26.803787755472342;58.562039945026044;30.949541563826234;56.98987633146297;19.179901803893507;10.785929677316995;7.443993234915975;0.9936908132831814;-0.29729266062680465;0.30624591251964123;0.1573249663175651;-0.14784362150386648;0.31777128301953517;0.02687120000359369;-0.05295928426311226;0.34054518042302095;0.013780211546375518;-0.003953908023431804;0.2917367744323938;0.010976128974470383;-0.46764057343049964;0.8213580202388354;-0.09795622281802546;-0.13945097271447338;0.5626091817485583;0.0028673079946763295;0.004486262685196066;0.2680825683375201;0.08674797514227203;0.04879551693978167;0.12149051254873416;0.08524408756882924;-0.29252998349266196;0.9398815644453318;-0.17620684882710638;-0.16683963342595223;0.7146242228186442;-0.025938359633957395;-0.02094185140383297;0.29152225205375026;0.0960896934511527;0.02899213493514989;0.10243972141863414;0.09925953716611621;-0.09413066624473124;1.027307136403743;-0.22385217337177216;-0.14135022821985668;0.7096086427881827;-0.000761708477488461;-0.04418436844681762;0.2402232955007962;0.11145646635073618;-0.004403046547450274;0.062006195835254206;0.10014871603333585;0.10714662555471245;1.0419171466107577;-0.25115793468054687;-0.07937775763818776;0.613035789764131;0.02316893041570876;-0.058321762199374336;0.17603508890723363;0.0961504500958747;-0.04617677345834372;0.013822317205476446;0.09433472034459615;24.5024314216291;16.218252999110707;8.058025945061408;16.88667525220248;22.92025727271465;24.11681038904636;9.109572211574884;22.092304876672888;29.971353367343887;13.572867591844082;24.60185541778992;33.948328264351765;20.421325822627946;27.34908294957453;50.092865505871764;29.781318416642016;12.952787170605138;12.006080040713332;10.897832469556707
0.9931661361763938;0.23885581448419121;-0.04427259736112189;-0.2761459305149793;0.2371287403677961;0.26303805858831;-0.16428856580981288;0.21364977043285302;0.3550320886027471;-0.08872195131973468;0.20696121094331268;0.19274160932602843;-0.07101461252293102;0.06675763137806559;0.5457155081345213;-0.6238893449695355;0.393926837752833;0.4468541637598523;-0.1461940731795959;0.2614029177296124;0.07941243960792273;-0.013215797715245628;0.17369822250478695;0.01261355711237541;0.010455432293112592;-0.02073548909383856;0.8624130360713489;-0.5057803818914268;0.39454419343565184;0.4689345397029447;-0.15570085766294142;0.30017158974976077;-0.004894558872356776;0.013623946020205589;0.1785031183577865;-0.103117897348682;0.014242278845725856;-0.025629902896161842;1.071161104214657;-0.3802366010581482;0.30780911740494565;0.4793733516284887;-0.15401273818637304;0.27169788921822485;-0.018321120742504853;-0.01117814931636608;0.17124211884277413;-0.11164574236690954;0.005950728532512816;0.01816696609885579;1.1966826942691011;-0.26150247391521797;0.2070592780323324;0.38368280701012525;-0.12483785967025618;0.2015818869846587;0.00299670910391088;-0.03230236265329917;0.1390525134128256;-0.07605268931535669;-0.013066677073346526;50.999144576682575;16.492018132574525;15.708771941874275;44.8896768860655;33.19515560212368;14.169501340835497;41.30578913542656;53.1291912768897;29.06236406605326;32.77176247179543;61.57125572772065;29.513887488069432;26.87859092078475;59.55314757006234;29.627820391141086;57.55733272980787;19.30681213740031;10.844693033657157;7.527528854406555;0.992891978812046;-0.3041967889687885;0.2795680894554761;0.1490807937328681;-0.15824358037850628;0.3188584777182845;0.02005177762558197;-0.06011455836898168;0.35349650852977826;0.007729462064074457;-7.446695356260145e-05;0.2922903240799359;0.0028480469311518096;-0.49253090658927395;0.7978828035407995;-0.11542931053785833;-0.13540843033502806;0.5722744381526802;-0.005051496891694023;0.0007749287684486699;0.2659688073825688;0.07756813829079166;0.04790290869095507;0.13153547134511395;0.07575358507444714;-0.3095863614607712;0.9307017256366606;-0.19480909294594795;-0.1777316598224329;0.7206674463759829;-0.03083079538433005;-0.02680212166350182;0.2927523478883548;0.08689675012687012;0.025633183294815537;0.1247668427963137;0.08632639376388881;-0.10718723438499345;1.0341490500507733;-0.24404545216363738;-0.1663973607760547;0.7212695582007009;-0.007101365981476228;-0.05134555870807127;0.25337926584223314;0.09936555498970759;-0.008001874044139523;0.08892108876830562;0.0859796298739467;0.09628795568212786;1.0642575039900724;-0.2733296201021667;-0.10777644252163089;0.6259046534886598;0.01507815675843015;-0.0656125628337753;0.19777579122416444;0.08663518149067102;-0.04718596347480509;0.05147539737705851;0.08182356155121041;26.397349069890716;16.847373745407445;9.659111969118111;19.452209892452885;21.38937452656866;21.962995117686596;9.936727046053363;20.68094368868588;23.24465850869577;14.470157595908612;21.626045443403097;23.49002685044257;21.57821047364559;22.796777043987355;32.97153657330233;31.000843577266927;13.776549237954997;12.356022492286725;10.826893830879447
0.9931795729055912;0.23364568089483856;-0.04592508320584663;-0.280013380493143;0.23332426207693654;0.2637602228470645;-0.16521835403058294;0.21338727403024751;0.35482840499443624;-0.08937368775157747;0.20824228574242756;0.19035762926013225;-0.0717336982012186;0.05637706515962669;0.5513400621131909;-0.6183832158387628;0.3919883046954415;0.4432730905977372;-0.14535552836999752;0.2587158447500356;0.07283126049987551;-0.015630487736548557;0.1730581644332169;0.00912407560620621;0.007913523423620098;-0.026139466882581307;0.8665250809253916;-0.49844860557367193;0.39485033654335244;0.4608135413092926;-0.15417682770436542;0.29843660993174165;-0.013862911435727654;0.009950819093817127;0.17666383005084188;-0.10744420373087987;0.010233405641423941;-0.027345857735202244;1.0719885416828214;-0.3717965404791066;0.30583805222162413;0.4749815509332923;-0.15306739879462242;0.26882942227879425;-0.025826948222137915;-0.015510041627444451;0.16874394300530704;-0.11589455551108784;0.0013920558423270695;0.018192796990691967;1.1942003096520262;-0.2523032588403336;0.20353114009484705;0.3818106994567169;-0.12502283000742437;0.19766224046883724;-0.00030391365847875595;-0.03447246773330091;0.1357034263470345;-0.07604437930527427;-0.015712599048556625;51.6740371920977;16.300203342292793;16.23881597765852;45.22392972124038;34.018819925391035;14.020351844522258;41.926561397091895;54.036278435174914;28.63735218750064;32.90493367710469;62.81929720132362;29.211697153716056;26.686582531596503;60.553746871468725;29.18531746214385;58.16319672329547;19.13583622023601;10.777878273045657;7.536708874793571;0.9923301164755218;-0.312391208771052;0.2643854374003945;0.14042573505633066;-0.16570600703406732;0.3226484037490939;0.013113206008096553;-0.06336027626253267;0.3635988515691956;0.002250212863493881;0.0028223903043991154;0.2961436747175924;-0.0033393452914099978;-0.5132055431247822;0.7784046865946728;-0.13894435537796754;-0.13722114404554267;0.596848911847365;-0.015182424005111932;0.0010543505345068321;0.2591019859109306;0.07148859319640596;0.050115812491642646;0.11656265566123544;0.07092861005911814;-0.3223169007909019;0.9212172007773778;-0.21787768232758586;-0.1818736222900842;0.7349086094498404;-0.0383393784430601;-0.031262441142536054;0.2939271682486399;0.0810224764065625;0.02176533972435607;0.1301905218350063;0.07809647366935474;-0.11569105672296204;1.0366168153679751;-0.26725449055362854;-0.18239785780411724;0.7350563193720016;-0.015316925911776089;-0.058673464574549264;0.2665428111654586;0.09023266375520289;-0.013554033095655069;0.10732828226635095;0.0761090232501824;0.08884457919085434;1.078473912531434;-0.2967385872995858;-0.12633395032479666;0.6343554156350553;0.005037559717841394;-0.07231265871263653;0.21893022189029862;0.07699626106368247;-0.05084829383661389;0.08504904280930332;0.07153808712907832;27.80290707907377;17.38002756689604;10.478285029600315;21.54703652073352;21.29778619056555;25.292664873744307;11.054140760097566;19.806462877471695;20.898903248097664;15.183489718338025;19.510742485333775;17.45829956758407;22.319900559706248;19.292189680190656;20.6198862273111;31.808383304590073;14.466505566091401;12.684632436006966;10.749355975221544
0.9926679230534092;0.22873734072783627;-0.042696508619856785;-0.28302623234252294;0.2303994772516181;0.2663452128605339;-0.16330580127889774;0.21183240480466825;0.3544539804658194;-0.08814948027083028;0.20490738161323485;0.19277157603184944;-0.07021514388774149;0.049012041954985944;0.5697318631985752;-0.6026229773429387;0.3872731908910257;0.44251951961241565;-0.14410704253277268;0.2538487670662462;0.06749120296027605;-0.018303606530268093;0.17119843205017585;0.0003359156682629074;0.006130408682100518;-0.02572586539755036;0.8763729045754528;-0.4809456434728685;0.3931779660560361;0.45587249098311156;-0.14946793521520657;0.29259283418288395;-0.021231779160138124;0.007483750483290634;0.17116273181418776;-0.11386557788285306;0.00785742734124409;-0.022759507851263433;1.0747038792636983;-0.354360647641971;0.3063243739801951;0.46756937736276083;-0.15056252409132162;0.26536831443950853;-0.03567953182367375;-0.017864874531779058;0.1627872052324921;-0.12067778422966212;-0.0006638180476844852;0.02430064971190792;1.191926579167886;-0.23570033904932927;0.19983446823288992;0.38305993895328183;-0.1241985747987131;0.19357992153087256;-0.002288137382507243;-0.03508086265307205;0.12936684698410006;-0.07768761023941835;-0.016133980879767792;52.00937343700861;15.9355307110051;15.595673011366376;44.63153025731172;34.8587014345916;15.953792554004995;41.954933007946096;55.06243326664555;29.476871487617057;33.10236095305517;64.32963876144385;29.09706294702241;26.075257411215226;61.52861866372166;30.273620386059896;58.852136610645104;18.49074061708596;10.510870250687239;7.427065446175273;0.9921551155445758;-0.3226572583493662;0.2696228065911029;0.13137853176039785;-0.16791260364058397;0.3310917616971243;0.006191406045661425;-0.05977080173836715;0.36857899521045784;-0.0020686478192761845;0.003931650230948865;0.3056713140413126;-0.0059806939546493895;-0.526112562597669;0.7666950364586472;-0.1722011222201065;-0.14913552059588125;0.6465967963135253;-0.028820676322663687;0.008219040997517461;0.24432420310224143;0.07097892767499668;0.05763975104554745;0.05888233427374484;0.07433767492585441;-0.32727807666892844;0.9118016343156237;-0.24800572612591934;-0.1742836091037019;0.7630996526688175;-0.05014319875480395;-0.033174151792860776;0.2950642248919531;0.08109192444713548;0.01714716398455585;0.10628605819018423;0.0782751785086081;-0.1161000044018566;1.0317848766809214;-0.29502869588677333;-0.18232619026694896;0.7523182350495627;-0.02651934030402684;-0.0660776403992036;0.2793910350640884;0.08652602132220978;-0.0223100530691964;0.11049435410318571;0.07399887266690909;0.08756373683491978;1.078556861799145;-0.3216437448148406;-0.12734824898654507;0.6351126575632969;-0.008053590093242295;-0.07780479156258856;0.23847668143902478;0.06747189986732173;-0.05899484186858158;0.11054656200241052;0.06544405880538062;28.115903485930307;17.725673824294727;9.979653191702772;22.766730521141817;23.79237880329335;44.53643499445731;12.664492645298779;19.988610111729294;24.973100545703915;15.607238203763714;18.73650730965492;16.599139660050845;22.334079218207894;17.11458895936429;15.600537507668092;31.853831080977912;14.875345008860068;12.949093705977749;10.643024934260739
0.992156273201227;0.2238627480492437;-0.039531998320063856;-0.2858538624311673;0.2274582434138997;0.2687621501678418;-0.16137757970936625;0.21023407850157522;0.35395120059514096;-0.08692160752393802;0.2015761774912833;0.1950503269501854;-0.06870724498034726;0.04181196107378165;0.5874428766144696;-0.5870223169997525;0.38252540493956594;0.4416128503535543;-0.14283375787423125;0.2490046500732382;0.062258323206838787;-0.02090283762539514;0.16931864499325167;-0.008232839751284932;0.004389455802116972;-0.02531260125279705;0.8856342427406324;-0.4636930669128485;0.39139461928130426;0.45087776109561983;-0.1448186047783545;0.2867813653570163;-0.02840831812678233;0.005075403644149155;0.16573255690581554;-0.12008230328316054;0.005537750129091314;-0.01827888624463624;1.0769338528946328;-0.337222644383226;0.3066795371011566;0.46016071044666185;-0.14806172811501753;0.2618905696239042;-0.04527212843608418;-0.02015394121651143;0.15691602698764776;-0.12529463972788815;-0.002668076719939203;0.030246482518862916;1.1892465733702782;-0.21942060118944695;0.1961525044909221;0.3841291490379904;-0.12334665778965095;0.18952437442591918;-0.004221904701708245;-0.03566043014758654;0.12313830001382248;-0.07925960961688264;-0.0165385680616488;52.340898808180626;15.582249129284568;14.963561597478998;44.08187345353579;35.73205786871439;17.893061950488022;42.00145050179613;56.12519572916846;30.26516470793505;33.322910910937814;65.83296145696492;28.986648458559166;25.497145373948438;62.50331688354117;31.40888944119469;59.54299005961475;17.871839932759237;10.25933102718626;7.32363715292987;0.9919801146136298;-0.33293195436114853;0.27475173810945297;0.12187696728600116;-0.17001514585027638;0.3394716072977939;-0.0009766551545209886;-0.05599284274564761;0.3733354586344381;-0.006534789039966698;0.005075083816760877;0.31520029177215164;-0.008707049806098675;-0.5389010163717874;0.7537561496668701;-0.20642407203994725;-0.1613020692157223;0.6973719416815112;-0.04290006544903723;0.015622915232648549;0.22877231553841298;0.07037534540346244;0.06536220176216032;-0.0008579484520608392;0.07778486616018716;-0.3320592976990816;0.9010803126235696;-0.27891018807817464;-0.16624357165307196;0.7914465420967919;-0.062301741219913935;-0.03511639008477894;0.29592356636358935;0.08107663515145715;0.012350697179669646;0.08143989253430446;0.07837595496621205;-0.11639834732606252;1.0256769175721614;-0.3234473070251189;-0.1820561141387864;0.7693692553488509;-0.038081044525554046;-0.07366711527372682;0.2923837849157553;0.08259808732884548;-0.03134520074873619;0.11365128679210183;0.07173615703337814;0.08614446031031102;1.0774836653104432;-0.34706539143282805;-0.12826081061587372;0.6352136204601332;-0.02158925429163295;-0.0834034333784593;0.25844350245997694;0.0575453340571825;-0.06735999839554951;0.13680792076520648;0.05906875083840722;28.43177079919497;18.0917609234561;9.468086673482881;24.089466058740644;26.444499238237764;75.02107642487404;14.3702119532385;20.263782917732293;31.246689678576363;16.10582156352889;18.09583569055688;16.04240706707593;22.33560746750435;15.289479963408017;12.18067268372543;31.93444826522775;15.286317822771279;13.220017079122488;10.534729565237482
0.9909840613313968;0.2191432813008545;-0.03653240837119625;-0.2907007498527102;0.22443210806330222;0.2686761324195446;-0.1619800286966713;0.2077055868388225;0.3516142988772934;-0.08747082534352354;0.19868451195727016;0.1984395362551306;-0.06902199819563087;0.035411503180749156;0.5975926847060854;-0.5820886008997205;0.37812679274846095;0.4393002509228253;-0.14242005906153707;0.2452377123391826;0.059013539409055384;-0.021748211025534554;0.16767866787498062;-0.013937459086721516;0.004102689483832384;-0.026229689833473315;0.8894601694592013;-0.45625936737435735;0.38777177806476115;0.4469090282428341;-0.14235877843135775;0.28201859181454314;-0.034795868069687694;0.004927329626612249;0.16090293265985736;-0.12540822919659458;0.005470789459970976;-0.016311616975774497;1.075879315836181;-0.32852871635862335;0.30352298260315597;0.45620348994548576;-0.14701495617041624;0.25806913301287565;-0.05264953529959625;-0.02025721126723963;0.15142523969209726;-0.129601469758548;-0.002638740285299965;0.03344374262617009;1.185438943330731;-0.21021762532236277;0.19027943688620008;0.3843309085613459;-0.12352911236798003;0.18562266707067834;-0.005208014880882415;-0.0359029886443737;0.11775096502447142;-0.08052815340620013;-0.01634617170748949;52.22361910172243;15.482645016527607;14.19834465192626;43.947953175770856;36.32015259056072;19.32784311073178;41.99555822101775;57.43024935118145;30.8962031474456;33.18541045642889;67.52586020304626;29.221197018588914;24.80236546470796;63.43137082228922;32.65956435235216;59.48062961318259;17.533940226535023;10.195631576006017;7.335286128703707;0.9921401941773076;-0.34762425354611837;0.26685466384126094;0.09932270468058892;-0.18219448552035633;0.3518969944137183;-0.018995834150097018;-0.06496629180130077;0.3884117186269726;-0.018073896798428395;0.004923098367135822;0.33453710821903315;-0.018339443358506055;-0.5397611396983448;0.731463319509138;-0.27641112503071263;-0.1815754117536227;0.7521105311734044;-0.06230265371827181;0.009238298430251578;0.2117347717467153;0.0713337640106659;0.06518190160381304;-0.05099607706032688;0.08331492144686899;-0.31903947792532583;0.8846231478976591;-0.340081898560879;-0.1758575178208354;0.824173760781292;-0.07870628886463871;-0.04740380835201503;0.2792415900417165;0.08803019732626108;0.005247889396351586;0.04150691393428452;0.08446729380707911;-0.0980997094917021;1.0176391220629153;-0.3756005321928356;-0.19267013716951928;0.7916902061777495;-0.05048998926882617;-0.08888991428691391;0.2839589034748879;0.08838707043473903;-0.04092249496707089;0.09151350521041791;0.07682939857178675;0.10189383660733613;1.079245649651653;-0.39107240491389594;-0.13444326835959555;0.6455263490116876;-0.033288461773689805;-0.0959846524918095;0.2633680680273737;0.05372055662631104;-0.0770754448029976;0.13780282870749216;0.05755859813952157;29.370948825814263;17.857939040691637;10.338009289810078;25.55617096807769;28.094192203322063;99.31885110469072;16.400576616931424;22.726012851896165;47.806936252830916;18.43617254970925;20.42085607366145;21.74355231875976;23.827897202238056;16.009989363316414;12.75168918505284;33.65912799418695;16.014270482713467;13.458303238131217;10.245703148399098
0.9882694609213196;0.21470243350017057;-0.03380463296805452;-0.30047322851341096;0.22121242143534156;0.2630637670555468;-0.1684249423299995;0.20308056606123776;0.3452193070144629;-0.09211366769962283;0.19677842234469262;0.2045875998678209;-0.07351410437507999;0.03058192702489968;0.5913535208131454;-0.6014245596250625;0.374545015571386;0.433947507920248;-0.14401301364736876;0.24388999063770214;0.06017133099203439;-0.018667950316361197;0.16660589209173007;-0.013394629989920918;0.007099512926023713;-0.030210600803559168;0.8816126235873453;-0.47100584022974284;0.3800461683814269;0.4453443043319965;-0.14483436024246502;0.2795900948561634;-0.03967399117540336;0.009894269026033296;0.15732468905219368;-0.1290001379029136;0.010505306371829502;-0.019964994906969572;1.067925141382184;-0.3387818122743853;0.2924503320313773;0.4601481451811458;-0.14929779757308798;0.25345409809212116;-0.0553375978198796;-0.015425899222148522;0.14665541885884428;-0.13345046491797175;0.001995396218105076;0.03056432627787498;1.1795636519688442;-0.21678096005469735;0.17930974032632943;0.3827839613167802;-0.12612794281019102;0.18201165898662178;-0.004090882902153511;-0.03541159046388364;0.114114125862049;-0.08120432105976828;-0.014802956475569635;51.06153282583113;15.945656820144468;13.126547347029247;44.682911671124046;36.196202301260016;19.615929057725616;41.835288616734594;59.24135382931232;31.258022541206255;32.177214679996986;69.70241821471953;30.23224621736371;23.764016795638277;64.25516354582469;34.11323134560802;57.69157190469522;17.779423049041355;10.533666754664143;7.602639166006736;0.9930826746377368;-0.3698009334061498;0.22033984293937803;0.03988600285047442;-0.21911500983383156;0.37068082406561353;-0.06625681040700335;-0.10730488341087022;0.4261415077149364;-0.04858822691496604;0.0012489053189640572;0.3760480186218095;-0.04643455050077931;-0.5014735047252912;0.6734631754783853;-0.44019699364372444;-0.22162590952886246;0.8089200981889273;-0.095679092292653;-0.034204869519472325;0.187257813052801;0.0755040404036213;0.04305667629918849;-0.07655744666227483;0.09343354343028176;-0.2537971912026314;0.8401862393049897;-0.47924322532529706;-0.23038970907522585;0.8583492198711263;-0.10588981110216301;-0.08700213223428319;0.21145176834195498;0.11256607076619635;-0.008308107177362231;-0.04051745782602445;0.10555577892300634;-0.028315703792412106;0.990213411379392;-0.487555915710484;-0.2299783105485556;0.8179231510266615;-0.06488033450154335;-0.1237317102761634;0.21431821137796833;0.11903173161110853;-0.05170461387544966;1.6431913206576936e-05;0.1006267941364798;0.1624921462578294;1.0737926536892148;-0.4806826142549847;-0.15302050379066157;0.6745125423360351;-0.04003520616359032;-0.1262654359058429;0.22478668186796882;0.06527670192994778;-0.089655732380204;0.06965874425200691;0.06816186099102105;31.805809952571096;16.49151221951169;14.244892475117108;29.28494712622536;28.562465290585063;109.47238134884574;21.906314094204966;33.76602531124113;81.96758622333877;25.65591204333174;33.098354391021765;53.73097056933155;29.14025837324915;23.998724868465576;26.829778654582324;39.49443688884029;17.52095687560451;13.673386744690358;9.565244582801334
0.9855548605112422;0.21026083982446295;-0.031104725179658205;-0.3100241099483783;0.21797326226359823;0.25745284993272055;-0.17473230164485617;0.19846069673703792;0.33881283228166986;-0.09666585603276373;0.1948417954319648;0.21059176000396285;-0.07792300785160532;0.02581014456384383;0.5850296369200079;-0.6203200690475932;0.37090447620500405;0.428543277650823;-0.14554239947769146;0.24249042213491337;0.06129577188367221;-0.015624791630280434;0.1654997973579151;-0.012855420892546926;0.010052943354272833;-0.03412786797400465;0.8736187147179304;-0.48541284482607194;0.3723173737731564;0.4436725441082524;-0.1472339598300789;0.27711435014174557;-0.04447335985048496;0.014789829582650496;0.15375037113644982;-0.13250523731173494;0.01546733570074404;-0.023562206599338473;1.0597722649513936;-0.3487956165091137;0.28144596955750434;0.46390548409309973;-0.15150602658469828;0.2488295282011612;-0.057972594912203475;-0.010656782117170997;0.14190904352783867;-0.1372078188294748;0.006565026366405824;0.027715805352466562;1.1734287365294154;-0.22319114082041275;0.16843958833905232;0.3811478009277307;-0.1286544934631116;0.17839789861245398;-0.0029879807640685735;-0.03491674392696027;0.11049450063091562;-0.08184770758998475;-0.013276755285143707;49.89313836298908;16.39632657174008;12.094844432215021;45.38862391481985;36.101608687341226;19.90249343086425;41.676718679618936;61.063581664676825;31.59848522352264;31.182627196794773;71.90133771192733;31.20932542220326;22.720196963532924;65.08484592037203;35.60665644654743;55.94949708710801;17.99811736034155;10.861911437463677;7.8686124316617905;0.9940251550981662;-0.3835101339386761;0.16054379639295574;-0.028989600177145435;-0.2542974699008539;0.38050190748945034;-0.11796965157009978;-0.15213725745307388;0.4557925068123792;-0.0817958793122534;-0.0029708502293640587;0.4115627665493084;-0.07695651353750772;-0.4422771135221237;0.5864757599639597;-0.6128480156459924;-0.26029168213395604;0.8483518911206727;-0.13067584920303096;-0.0825724114235409;0.15356950775113737;0.07789615488524443;0.01653864935772599;-0.10325746357770327;0.10203542512981906;-0.17164857643248851;0.7634361137105415;-0.6226572624576424;-0.28526093309488654;0.8704853252991681;-0.13352147034027198;-0.12934914827422178;0.12772410000561224;0.13697691768424114;-0.023474418757496986;-0.1325894642665925;0.12626236061528645;0.05197339660604594;0.9281443358547101;-0.599753475013158;-0.2652633006570222;0.8222814844841326;-0.07923287886346318;-0.1595215790016914;0.12839511683924448;0.1501922006381615;-0.06236203246406963;-0.10409778116450194;0.12456944058199032;0.2263820896330323;1.0341212511696871;-0.5676680173883214;-0.1693902419120001;0.6864733964898543;-0.04646450418944349;-0.15678640157292362;0.17387942678580845;0.07639188212130313;-0.10117646293096721;-0.010052827254588942;0.0781028441118284;34.651688100635084;15.702573182476131;17.785498621635355;36.163155620559216;34.24597576903059;109.41473213205983;30.616811461697583;51.97631581966392;85.36303893469008;33.87382862666547;51.88763207022766;69.74137530794712;34.91841361043445;35.32868981403894;50.50619424445036;45.0770502961613;18.86458313048275;14.068556636421853;9.129493747206801
0.9840735377812496;0.2078139665907676;-0.033216987651051154;-0.3136944577352722;0.21593579673858454;0.25245613745419004;-0.17770321869667163;0.19662780438371003;0.3356741875835315;-0.09924328721410527;0.19486118407950104;0.2115902207459169;-0.08073596495070176;0.02534996291887772;0.5810226622717312;-0.626752061392332;0.3689141595136563;0.42260236547174734;-0.1462620209642346;0.2407546484955098;0.06301245787020159;-0.014867723861758388;0.16452004109849408;-0.009817032034852707;0.010686194390417528;-0.03417479788920531;0.8709319531019974;-0.490213847473908;0.36893422309759;0.44062328653332694;-0.14824349477516294;0.2743839716788878;-0.04987593953915256;0.017014401846307415;0.1508011808584196;-0.13531814218967866;0.01784963746492411;-0.023323316633164747;1.0566751926778026;-0.35200860638958487;0.2763714146121356;0.46642688616193756;-0.1527732047424491;0.24523949770605524;-0.060711651589826617;-0.008132062172981637;0.13826199096528793;-0.14041934944733694;0.00906878712001176;0.028353858952043922;1.1703797854209932;-0.2251107744268695;0.1640096601897196;0.37706981158827346;-0.13051822101060076;0.17702604034213815;-0.0027782689218563946;-0.03484864201945279;0.10833196275491537;-0.08214546345256092;-0.012383498362738053;49.60281954875327;16.75450419802952;11.941003630372869;45.63905459724633;35.52925242114053;19.425369518001126;41.5999269721231;62.43657735923407;31.54721210115753;30.584471938609664;73.38922673755285;31.846534780054057;22.44733095215066;65.29555739727486;36.36205303091426;55.57771698066662;18.163819091210254;10.971110615194133;7.960162828495627;0.994457577818816;-0.3818791870528176;0.12193838721482994;-0.08042153620205707;-0.272262165466528;0.37986013778658895;-0.15090769123175704;-0.1792953757965944;0.4682796347856232;-0.10262969419225934;-0.008132859472685359;0.42809393880434515;-0.09603874006426698;-0.3822179104278645;0.5217843122615605;-0.7118324752053529;-0.2855808966997033;0.8559951512637493;-0.15335513993659855;-0.11819759201283127;0.14438583818245157;0.07165575345556151;-0.009918448976323128;-0.0970966098616931;0.09988611387190759;-0.10383237811560664;0.7066388909838882;-0.6999145054961485;-0.3188134214978736;0.8662880763339125;-0.14987015619707714;-0.16048536699157945;0.08123635792044506;0.14363295398823853;-0.03868966396751631;-0.177870722792375;0.13124569139753534;0.11072100731025052;0.8827172344261909;-0.6554763235743626;-0.2823079661668713;0.8177836947701077;-0.08903650111924699;-0.18351646948854078;0.07589034522824428;0.1607561049829987;-0.07215612970964232;-0.1622121292430622;0.13204750701894283;0.26615815720749403;1.0070525980621354;-0.6066048281095151;-0.17650429745059157;0.6830273783273396;-0.053344694579281836;-0.17476711856608293;0.13683050437577915;0.0779246214079567;-0.10863955636912993;-0.06082155501765355;0.07961566868036135;36.01074599223434;15.53347783878835;19.445992704211267;40.944911733107595;36.87180710796325;101.76070888628264;36.664178780166736;62.315402851272744;78.14641712257227;38.801289427670945;63.382696134235715;66.92267069717846;37.866665548918874;43.78600502594757;60.97377388890649;47.26987910049085;19.50158620209165;14.247664020357943;8.88081340658092
0.9841680722618512;0.2078984459328881;-0.04143669820288989;-0.31005681105750843;0.21543571418321247;0.24822573049931543;-0.1765389792037121;0.19833155493148452;0.33669248724631873;-0.09938231053627448;0.19739150092675917;0.2063290425356455;-0.08158761813588745;0.03033119621280143;0.5800142732445928;-0.6176698467573402;0.36906085218945556;0.41599987010201245;-0.14600020977202105;0.23862439693340118;0.06551192272649997;-0.016989608894193167;0.16372275364414787;-0.0035880218474911006;0.008401402249899602;-0.029344825759985;0.8750969477201588;-0.4830571532354922;0.371072418329838;0.4358917082651072;-0.1475432808964609;0.2713567193720885;-0.05611896122932333;0.015899668715644553;0.14863611483575911;-0.1373221401616406;0.017009992443470193;-0.018244780920053;1.0601474394218615;-0.34675455064554134;0.2787762872542118;0.46752069411237757;-0.15290158185743494;0.24296253828443043;-0.06362977999102438;-0.008409850092050928;0.13598602491651862;-0.14301285534163896;0.008998801831624147;0.033406586967328275;1.171439052453436;-0.22143552519659715;0.16768734129751514;0.36993948077568056;-0.13159706561381926;0.17850448760343837;-0.003693819389070608;-0.0353257849755401;0.1080044014055729;-0.08202844085001;-0.012280456839536259;50.44388964622542;17.012255924761156;12.8810221240006;45.33818513585599;34.30723795070949;17.96019240507855;41.63429358731487;63.23669710829372;31.006846628581197;30.479352322888285;73.95522024962223;32.07941952122244;23.180003543794257;64.69494860392795;36.13870456748237;56.926273800128705;18.28353964340351;10.80968622893887;7.831099494423471;0.9942382591027796;-0.3726661087262247;0.12132505972506542;-0.10527097118108791;-0.27413872857098914;0.3783421093021089;-0.15971903266980947;-0.1854628581525881;0.4724041856074617;-0.10776138700133238;-0.01442456084805599;0.4318501372935015;-0.10066335299334739;-0.34058359855047826;0.5136737216830741;-0.723397944073876;-0.29997896209276737;0.8492216772427501;-0.1620791018552442;-0.13675184802744503;0.17586564554186826;0.05645082585012407;-0.034118648191841926;-0.048741679387982524;0.08642102154997497;-0.06647937277356823;0.7090845978345385;-0.7019825682376049;-0.3306986468940452;0.8709633083328566;-0.15420056488556555;-0.17867594628748587;0.09463476412261473;0.1298502139031152;-0.05392440400683548;-0.15933948035603235;0.11836323009805157;0.13751217810747252;0.8971794339945929;-0.6501008008785044;-0.2822765435745964;0.8309621447248822;-0.0947275183179849;-0.1952629269262508;0.07826707617012345;0.14712466541142408;-0.08241929085153119;-0.15583146719904395;0.12040540902751833;0.2778179792351731;1.0369435725174918;-0.5961484478011843;-0.17630908984659857;0.6830259674221183;-0.06214116561397473;-0.17970646294359682;0.12783213712426222;0.06863813727735535;-0.11361899848624839;-0.06815215012877589;0.07199945929509642;34.62908116215186;15.562208352360758;19.083586644329987;41.07181532352576;30.49314960328683;87.68894189834958;37.634550077289326;57.62919151674828;78.41530445054646;38.77600771116626;62.04625671572593;66.77415948308615;36.795571875431975;45.455416758283405;61.444872734189396;46.514999241891;19.705822707916187;13.978263759846417;8.441181289088693
0.9842626067424532;0.207963720816138;-0.049637917042405416;-0.3063972512630889;0.21491678139856818;0.2439801367707713;-0.17536064157553793;0.20001408308253205;0.3376781093956187;-0.09951197715931516;0.199899203903444;0.20105835997029037;-0.08243027151957352;0.035300744917856855;0.5789545298451494;-0.6085472600345846;0.3691734590075656;0.40937105233699256;-0.14572548601203172;0.23647608415413865;0.06800091534019338;-0.019106143636025214;0.16291188664448314;0.0026301817598584558;0.006119924593511551;-0.02452079863775061;0.8791742959820291;-0.475868981673181;0.37317278319947544;0.43112863997586665;-0.14683079675020178;0.2683100095436829;-0.0623456792771792;0.014785471190058309;0.14646129706187036;-0.13930997037295245;0.01617028950160547;-0.013173651858401964;1.0635163187415173;-0.34147810812322626;0.2811513115409546;0.46856969944652566;-0.15301571638108044;0.24066738232972062;-0.06653686021163976;-0.008686370673643893;0.13370166472222847;-0.14558861808809434;0.008928116933336066;0.03844722073194491;1.17238906603998;-0.21774655201756848;0.171343079747358;0.3627879924972678;-0.13266192101582389;0.17996393234326785;-0.004607394623756995;-0.035798837426600776;0.10766752726073736;-0.08190410971812466;-0.012176474043570638;51.29050572313582;17.27614707255212;13.836948438070307;45.0390431925814;33.071842408803;16.48200089643363;41.6800942095294;64.04945647493693;30.45179786430508;30.376387413919588;74.53060085848502;32.299841907197944;23.93592586945234;64.07258783058988;35.92090682486247;58.29789432876897;18.397421010125274;10.647456566063092;7.703129412427307;0.994018940386743;-0.3624936315023248;0.12050322422303085;-0.13104400466237284;-0.2756861275827459;0.37619103672225346;-0.1686744564152984;-0.19162079178556904;0.4760002752866665;-0.11295490098085416;-0.020968437723542722;0.4351226197267515;-0.10533835794263167;-0.2966271113341215;0.5044403939488814;-0.7343826135531509;-0.31455402983952774;0.8408807990941065;-0.17093980683020507;-0.1559085816443415;0.20845178789623342;0.040499637082765765;-0.059320822653778006;0.0017905281253120062;0.07224046598487514;-0.02740127280687715;0.7105740961067928;-0.7030886318171966;-0.34260548825042786;0.874536760598967;-0.1584883318101733;-0.19739034966665298;0.10847440072250467;0.11527310453044325;-0.06974129378862655;-0.13976303816775137;0.10474279084277972;0.16526312796416667;0.9109264598523791;-0.6435171111868893;-0.28182073285672576;0.8434687902929964;-0.10052422907824883;-0.20722792613934093;0.08062994254478945;0.13267955304589443;-0.0930055539641068;-0.14893961206008627;0.10807624881072962;0.28956885565406565;1.0665813269426145;-0.5843436530636901;-0.1758411700215015;0.6820009097447317;-0.07122730242122123;-0.18459144100900585;0.11825062357207253;0.05884467739497732;-0.11864485813219257;-0.07569961328241002;0.06394392121422472;33.318506880381584;15.627773175309063;18.709759913235022;41.472965079678;25.447779500245723;59.37262991279658;38.809571993700764;53.2432774750124;77.0301958663649;38.79507766423806;60.79557473575366;66.13115655926602;35.763186200571084;47.32485407277639;61.55593715402595;45.76500134041118;19.908345700198204;13.743101940616315;8.101066575337674
0.9841949962483744;0.20802047375745905;-0.05802974153511636;-0.3047513144037005;0.21501359792859628;0.24001414889718292;-0.17481773339165524;0.2015589835440411;0.3374418027927214;-0.0995348474631933;0.20191854537163142;0.19654434596958711;-0.08299912229522087;0.03681770820754416;0.5752084144743164;-0.6047907319934025;0.37101521872453874;0.405007706424492;-0.145964642155895;0.23621246130450002;0.0687691115236267;-0.02091406190729722;0.16255654341756373;0.0062971655583808715;0.0041976646945956955;-0.022218209838829658;0.8806452919142352;-0.47325492177139483;0.3755007228005323;0.4280519068842923;-0.14705805750670878;0.2672477879784802;-0.06719112612103574;0.0137050045948604;0.14489176180482233;-0.14192426793241245;0.015321200001713858;-0.009960755394328866;1.0659473152694077;-0.3399765699302726;0.2838185096817167;0.46728740549392955;-0.15327092877449658;0.2393131811167902;-0.06945647427065683;-0.009098415512566377;0.1314663207734415;-0.14698353571202397;0.00854693281512486;0.04213501203353278;1.1744343296340836;-0.2172263010265777;0.1742967699330016;0.35746624814842465;-0.13350770753091593;0.18026106760823274;-0.006468341076250435;-0.03629969963026093;0.1063679661581859;-0.08192981433846687;-0.012394957592934233;52.121332869676;17.545618771764893;14.55612461464894;45.14301386694252;32.350383500810956;15.367707283002755;41.82857443032866;64.60913825755837;30.26884364778995;30.503576571107423;74.9098888980796;32.321561549680986;24.51221597171269;63.90358542225916;35.6713945789602;59.45528007931;18.570972847622237;10.58982941349461;7.640593812023228;0.9937996216707066;-0.3513122138365716;0.11945151063980552;-0.15766634026865028;-0.2768489096981402;0.37333941251196046;-0.17772470084493341;-0.19772090229605177;0.47897038910645884;-0.11817878607265053;-0.027747968638769837;0.4378222740023603;-0.11003474778253919;-0.25037613200959435;0.49400596300063354;-0.7446256270241596;-0.32921830358278015;0.8308283844454629;-0.1798877432713611;-0.17560143009261187;0.24204218598575364;0.02382501674356176;-0.08546542492441443;0.0544029212273644;0.05735784326481662;0.01333231878697657;0.7109692420277008;-0.7030967118158915;-0.35444591693572297;0.8768350811819874;-0.16269507160709765;-0.21655516320903587;0.12270811660497168;0.09990758788156809;-0.08609677119587385;-0.1191522672811484;0.09039050892403132;0.193889258267924;0.9237585528802256;-0.6356153354237832;-0.28088774860033855;0.8551190910356169;-0.10639639521840927;-0.21934910277158465;0.08295906854964892;0.11742316301805464;-0.1038769421808902;-0.14152140137261482;0.09506305465389019;0.30133315452043546;1.095706040948978;-0.5711017878235133;-0.1750679540505828;0.6798243162487407;-0.08057214686003068;-0.189377553977973;0.10808179409340526;0.04855178871128419;-0.12368492288816392;-0.08343508081070904;0.05545230302286034;32.139409788757625;15.73346129460234;18.3244296299048;42.18890568123163;21.393108196158508;32.23171279089458;40.192096893384935;49.22478854548248;73.61750527744145;38.86140462111188;59.66336831306224;64.90383368120327;34.77835387596021;49.40283513648856;61.25838659156028;45.040951205620935;20.110323620830208;13.55600634927951;7.882655044840274
0.9838611915312198;0.20808438732789486;-0.06686308579903817;-0.30645138342797235;0.21615415172134028;0.23647893622760507;-0.17533811785076742;0.20291752048816278;0.33520885851714805;-0.0993907300974993;0.2031766548825879;0.19324018977262997;-0.08313017477504586;0.032634027848055594;0.5670103209419686;-0.6099394651008937;0.37578747994012884;0.4043791552965869;-0.14707382209460942;0.2390939842084771;0.06670119878585323;-0.02223800503737597;0.16296759799149182;0.005786028211454736;0.0028441410363633725;-0.024066620489904385;0.8779015091845213;-0.4782360692688654;0.3782762626455068;0.4277701259680113;-0.1488615516972633;0.26948788698936793;-0.06982154708980308;0.01266641698489775;0.14431793206780275;-0.1456287889599933;0.014445941124149646;-0.009784780080147428;1.0669625302648602;-0.34474754586180323;0.2870362527253389;0.46216651585145235;-0.15377884356514063;0.23952374706866914;-0.07244535860871033;-0.009741992401593591;0.12929332914952024;-0.1464544626166626;0.007646208895486761;0.0436359451935731;1.1784408219255285;-0.22197515647431243;0.1761454486199685;0.3551383181752448;-0.13401539214431932;0.17865257103902707;-0.00992762674196506;-0.036857401244501695;0.10346378421626669;-0.08221277874277276;-0.013152569211669131;52.91330720195876;17.8204480570525;14.873475289130054;45.91401844294001;32.48962246913366;14.857473225423295;42.13280322000959;64.73527693219316;30.713183591542695;31.014497774673774;74.94813965942151;32.03833295464149;24.76867345531048;64.52369738055681;35.362910811221184;60.22278010094561;18.85734673455201;10.707676048752592;7.684922914912195;0.99358030295467;-0.339082410764877;0.11814939969573675;-0.18503850454155574;-0.27757021350775335;0.3697219793727809;-0.1868118033530078;-0.20370896140263892;0.4812136754671432;-0.12339655208429365;-0.03474023483857119;0.439856952169972;-0.11471897985317235;-0.2019014839438306;0.48230129468815;-0.7539556581853645;-0.34386984140270666;0.8189287886810102;-0.18886479219133298;-0.19574533933405464;0.27650294435029277;0.006465423543776346;-0.11246826167302656;0.10894894658402603;0.04180045765435914;0.05561353755281613;0.7101307071672921;-0.7018700115968364;-0.3661203812925933;0.8776817566984948;-0.16677826286682496;-0.23607873064994206;0.13727525569057675;0.08377393885589288;-0.1029318188492365;-0.09753725456754243;0.07532589205193156;0.22327887043812047;0.9354628482969461;-0.6262922463634553;-0.279425359953332;0.8657165890300694;-0.11230814321262376;-0.2315524604428196;0.08523229654465703;0.10137208083977904;-0.11498515222925272;-0.13356847594308288;0.08138096459628287;0.31302185312827113;1.1240292939935292;-0.5563459756847166;-0.17395738365916566;0.6763695635697444;-0.09013587437909247;-0.19401559249091527;0.09733090324372978;0.037776626968314235;-0.12870210649519465;-0.09132233045965275;0.04653576292453599;31.157109315128768;15.882453151901084;17.92754466335705;43.25482161073533;18.05941628707396;17.372777997006878;41.78135638009743;45.60503755435859;67.94744460798938;38.977611565352284;58.678606397340296;63.023419832977034;33.85101899343974;51.69022775170378;60.5188691342614;44.366489548533806;20.31381625378845;13.431966762181956;7.8052647714151835
0.9835273868140648;0.20814176609241372;-0.07584580613317617;-0.30816943164453525;0.21730638013415138;0.23287428479427272;-0.17586101465877974;0.20429196435236985;0.33292523726053874;-0.09924048957354399;0.2044489356454489;0.18987215241498076;-0.0832604302598332;0.028377240604075208;0.5586505171309911;-0.6151543204182923;0.38062798213432064;0.40372496630142013;-0.1481966715357669;0.24201626425199982;0.06459529558226797;-0.02358388852632662;0.16337973953533413;0.0052658931030319985;0.0014672484718305436;-0.025945919047033618;0.8750783609813716;-0.4832852898930001;0.38108563221796227;0.4274678094502196;-0.15069058378891845;0.27175660327857826;-0.07249461880520168;0.011609513317546406;0.1437289451021938;-0.1493916416196432;0.013555108228446062;-0.009605421130704506;1.0679560545059132;-0.34958787934839675;0.2902987731988446;0.45694065346939505;-0.15428984725396;0.23972914557757938;-0.07548295876484624;-0.01039627381375017;0.1270782448197468;-0.14591092320029153;0.006729722701862805;0.04516107588275182;1.1824729485281011;-0.22679749304592808;0.178019440964329;0.3527573475005444;-0.13452688670150348;0.17700987369829255;-0.01344600695463564;-0.0374233366435593;0.10050588928768256;-0.08249759089119403;-0.013922720286422219;53.69347827434362;18.10204939178249;15.200346355954432;46.696738645223526;32.62784920144058;14.346570527956507;42.44054603318889;64.8574380913687;31.154529458791004;31.53845616444881;74.97602681065331;31.761831403450287;25.033234595433306;65.16749779440063;35.05609800079197;60.9751574535884;19.15401396439302;10.829594957365941;7.730609143725112;0.9933609842386336;-0.3257782159677237;0.11657811547114073;-0.21303454211162084;-0.2777935185349059;0.3652784813256972;-0.19586948739999258;-0.20952556931110866;0.48262888776851703;-0.1285669964516727;-0.041915504994582915;0.44113416093344326;-0.11935329598785352;-0.1513229059524293;0.46927071749297083;-0.762194985945568;-0.3583934589796599;0.8050613057428577;-0.19780463779761678;-0.21623599350514328;0.3116669934500771;-0.011523417154909501;-0.14021874804130935;0.16522828928097655;0.025611224668882646;0.09929273602466057;0.7079227010602641;-0.6992756265567084;-0.377519128933702;0.8769027761869289;-0.1706919639532063;-0.2558509036821986;0.15210121634407556;0.06690877585424074;-0.1201710904400658;-0.0749699270683946;0.05958369746488888;0.2532919258681867;0.9458184197650604;-0.615456262468767;-0.27738385296610385;0.875057598413553;-0.11821815564232954;-0.24375276412049632;0.08742553573405898;0.08455922055352325;-0.1262712858735165;-0.12508088444438517;0.06705901610777018;0.324535511634889;1.151238815883072;-0.5400161154216194;-0.1724791662792262;0.6715160362002188;-0.09986950482759664;-0.1984524796276518;0.08601425442035135;0.026547193995678068;-0.133654829757065;-0.09931765401886321;0.03721449254290063;30.433430822069173;16.07774274441477;17.51908887625046;44.69691903750067;15.24976974295548;10.13797627498604;43.57301514705436;42.38489439414682;60.15461037523961;39.145961302456485;57.86339113543777;60.459526840849044;32.99225320360086;54.17758217081042;59.32392163843805;43.76601925239281;20.521754732447214;13.38614472752404;7.881604770338025
0.983213565728016;0.20821924444057344;-0.08483675302303785;-0.3097632288235006;0.21850027634531666;0.2292288221154138;-0.17631581484952735;0.2057038585518616;0.3305824561892238;-0.09905724850466302;0.20572920741999395;0.18644557418014962;-0.08337006298080964;0.024226929431863255;0.5503556594261781;-0.6201013764286685;0.3855538028346111;0.40290873811819705;-0.14928317620049084;0.2449589034307637;0.06239928512966113;-0.024968030207238836;0.1637791133804408;0.004705887966026099;5.317416190322571e-05;-0.02770997292403789;0.8723355587292874;-0.4881217372510785;0.3839939653236725;0.4269761953694533;-0.15246192124874788;0.2740049594910166;-0.07519292565812404;0.010513200345684886;0.1431110872000811;-0.1531505165118708;0.012620807036103961;-0.009308189610410763;1.0690114279614116;-0.3542687039499246;0.2936496733700033;0.45155471088236077;-0.15474376802060816;0.23989745835303208;-0.078584579146169;-0.011067224033521209;0.12482238413806238;-0.14538389257069412;0.005789425985134597;0.04680409895040405;1.1865313259260184;-0.23150600161163043;0.17998719486515427;0.3503126959221159;-0.13498725270492315;0.1753507088240843;-0.017038418033851987;-0.037966313683526265;0.09752158683176676;-0.08282108577787511;-0.0146834251644558;54.44847445271;18.381950381890466;15.532398580657118;47.47543637572944;32.762210624365885;13.835452628465328;42.75650410069926;64.9573184867731;31.58433898520203;32.077592441568015;74.99090121810679;31.492973346817735;25.31176751645197;65.83390029067584;34.75447514731401;61.715791042268094;19.453393544991407;10.949308210854511;7.7737483083681616;0.9930827323326886;-0.3111675956695663;0.11415651128514198;-0.241949047503589;-0.2772784988940903;0.3591321003619916;-0.20509921904404982;-0.214815710058441;0.4825105909701437;-0.13375428022027758;-0.04916928625278011;0.4414266596472448;-0.12394675002908576;-0.09885653847221099;0.4539091142986818;-0.7702470449574521;-0.37217756112417244;0.788406211606448;-0.20688406416248334;-0.23683106167591836;0.34680978185593353;-0.030043606312343686;-0.16840644730962007;0.222265189259562;0.008935960449580048;0.14383869272157673;0.7034411314981701;-0.696046697422466;-0.3882202925317031;0.8735481871915586;-0.17462613584148276;-0.2755505778980728;0.16654431175528697;0.049544792249050625;-0.13752538458673028;-0.051984473933812;0.04339344522807887;0.2832282528111936;0.9538896290078647;-0.6036803939795641;-0.27464610307520365;0.8816658103283109;-0.12439724481728923;-0.25568726424607385;0.089198939974371;0.0671368398897287;-0.13744530386789056;-0.116059353237215;0.05229432154534731;0.335262666693858;1.1761969033565107;-0.5225089984538909;-0.1704912914780712;0.6642780301375464;-0.10983497770179981;-0.20250846480491938;0.07402454643471856;0.014976363154227451;-0.13835222296840147;-0.10716924203167126;0.02759396866881814;30.02899281814313;16.376462032315708;17.10054541771005;46.57803941484911;12.871388408798232;6.564046456903874;45.57527341649728;39.62967901394298;51.057180110900525;39.373909813196065;57.28164118971723;57.21558287529363;32.21251537725995;56.86542792022148;57.635559849186436;43.23091905752846;20.73924106958555;13.44960660400636;8.130509367654343
0.9849952152022464;0.21101467745046576;-0.07878102376453316;-0.2963292004188738;0.22272944551188406;0.22860600928485583;-0.16931221560914744;0.2092648842096251;0.3273101760369768;-0.09603451277460051;0.2062610476835795;0.18361245016607228;-0.08137509214839354;0.03897629924046016;0.5658315420082537;-0.5897680267353715;0.3920063337107826;0.38771124722274014;-0.1450577039831682;0.24560668036417507;0.05478999950832577;-0.02801348029235788;0.1626648171317835;0.0009291584559761178;-0.0027673058754858963;-0.014124031354279193;0.8861007026924851;-0.4632775155629586;0.3935142060623619;0.40870015201302956;-0.14542514564411047;0.2709775418152642;-0.07596993609641298;0.007236456786177829;0.14102908503357492;-0.15023566576357336;0.008789212087482194;0.0029647307065596862;1.0784352876099446;-0.3347558377867345;0.30137616040986576;0.44040526533486524;-0.14883848041373082;0.23664365360888898;-0.08317670928185975;-0.012340207523709257;0.122726391729342;-0.14806601756316773;0.004031026880955533;0.05819149694458121;1.190159639169717;-0.2164084608153538;0.1890054114284629;0.3467092399344465;-0.12964225026930934;0.1755366108622446;-0.02208909167294411;-0.035217889128119115;0.09744576107009596;-0.08696361235102343;-0.013117645095907323;53.93898351893279;17.76015529110496;15.390328386097014;46.65235740186658;32.617719529978984;13.349688636555664;43.625469277253465;63.12606135907802;31.145422063826103;32.83221497422715;74.78119573186262;31.23003663488303;26.183204518291795;66.34259460094403;34.61245526836134;62.96923901042625;18.913396292905833;10.401064149515822;7.408953825910187;0.9866247844634544;-0.2734916974350132;0.05618248796405486;-0.3107097793305007;-0.25664640736548644;0.2706396309217482;-0.23894215585009285;-0.18987291855908492;0.4198448962582909;-0.14824880931107712;-0.04903577090665284;0.4250403497330536;-0.13222920520058576;-0.053007252969383696;0.34220212298721037;-0.8770959163471765;-0.3352784219893007;0.6968928765981035;-0.23816722676133417;-0.24285270258122324;0.3263371415133822;-0.044905097626644866;-0.17686455325300296;0.20437639514637604;0.0015547591754370323;0.1518353550411886;0.6185263985626772;-0.7709546804064429;-0.3658628010885633;0.7876641229326472;-0.20014297855705457;-0.2732539169676215;0.12516428275339112;0.05015027594688484;-0.13364986541680451;-0.07449116562345691;0.04513885735503641;0.2576238237651326;0.885126100812151;-0.6509548020574744;-0.26301707989522377;0.7578847156146971;-0.16004436867434602;-0.2487470802484039;0.05968964071279527;0.06009760336187976;-0.12548820418311338;-0.10582072728404766;0.05285670411439397;0.29398415988037147;1.1123768891909593;-0.5443709780684365;-0.15619883286257125;0.56744338000585;-0.13001749224848352;-0.19276783789499;0.0490041820980402;0.01108853995721301;-0.12761035892707026;-0.09425074534764803;0.0256642545143273;30.372753297943156;22.714054559412457;16.938191378698928;52.440469522540475;15.227206344537137;7.852113929757238;48.895286332499424;46.03737550101429;52.69461586143574;39.9945511071574;61.96140160223903;51.71692158439597;31.223675083907175;61.94278146846954;50.72743820460239;38.971742475914745;21.090153725234078;15.314752473888428;9.982605495597028
0.9867768783596848;0.21358737548980053;-0.07268091471645902;-0.28267720266389584;0.22671653085034;0.22776183646362502;-0.16218040502442096;0.21260071358990038;0.32373396294433343;-0.09293386765261198;0.2065871904397024;0.18061427586004847;-0.07931101117010145;0.05360678694174605;0.5806665785456037;-0.5590205075810902;0.398038206380566;0.3722155736507616;-0.1407126929106503;0.24600944254085255;0.04716840723465441;-0.031014753684541065;0.16139667771454067;-0.0028278560477230015;-0.005569659647100146;-0.0005984098307364336;0.8989194611272625;-0.43811350619713435;0.40259555021178844;0.3901221051109755;-0.1382838252930371;0.2677002391097033;-0.0766680100587883;0.0039704960683307035;0.13881979722793938;-0.1471890266406034;0.004969903940839948;0.015167701314811472;1.0867473735625766;-0.31502042449500894;0.308764137028624;0.4288837187177743;-0.14281911192331226;0.23317495689790715;-0.08766197912872502;-0.013594105267108308;0.12052118501404392;-0.15058791659851917;0.0022782689313150593;0.06945948388278969;1.1925979884489435;-0.2011806135958773;0.19778854326675346;0.34278458704075804;-0.12419898009501047;0.1755489126903725;-0.027090460829790206;-0.03244985082951111;0.09727454234328065;-0.09099801115217877;-0.01154752027562745;53.35016870441758;17.140601878732234;15.251329046044699;45.9475013503991;32.47778324310497;12.863201920189864;44.613934459483225;61.26157531243665;30.694286244107;33.6330136872526;74.56803652513618;30.94606945369171;27.04795302524988;66.83264293688993;34.41557230519143;64.17597944023862;18.3219434772245;9.85049759335629;7.0510107907375374;0.9801667869966724;-0.2385288462964067;0.006101366227968562;-0.3662614604985335;-0.23641027183167104;0.19230987311893907;-0.26540675270410563;-0.16663641376691787;0.3620491461507919;-0.15911513590796775;-0.04842176141168697;0.4067129766620357;-0.1379539305882958;-0.013312707976086113;0.2433181030591814;-0.9593987161273128;-0.3003488967859084;0.6116371091603481;-0.2624537466887209;-0.2455187858950709;0.30552657465947797;-0.057138539495097077;-0.18228415741932627;0.18701593072677053;-0.004764441592999447;0.15711610780409863;0.5397047203287451;-0.8270630831583295;-0.34303960043136333;0.7062900567745063;-0.21989292859301235;-0.26850640924161073;0.08855061701176555;0.05015598779771121;-0.12897752140388716;-0.0929517303994581;0.046169136180974416;0.2331314792936159;0.8173787462910486;-0.6846884468864866;-0.25040436477371625;0.6444512471530904;-0.18885417047966907;-0.24028401130818994;0.03388086866130606;0.053473501899378946;-0.11399762736402004;-0.09599821941895231;0.0527980127884629;0.255735827281101;1.0465340107725436;-0.557489868230785;-0.1424007827026772;0.4789632781186505;-0.14592710051212118;-0.1824840556457363;0.02713779375138341;0.007655379530736053;-0.11713592227139022;-0.08225767260658678;0.02375464604395063;28.819806234456742;29.292730160917106;17.105048023547997;55.958321792412946;17.652647281948774;9.074531019992211;51.35990043291266;52.16376357119826;52.837483952106574;40.17702058751291;66.18743750878626;46.663042914751315;30.119947384121343;66.79943859929561;43.83613593398252;34.62731004905779;21.22565534442906;16.94669105858685;11.636382494301486
0.9876060954464738;0.21382242900157472;-0.07209340482740391;-0.2783941119092605;0.22886950320714214;0.22568632726792875;-0.1598818106364156;0.21377336778979936;0.3193134605858813;-0.0917001376895763;0.2063427978994294;0.17519511807735222;-0.07836329128059173;0.05681044783389606;0.5827237943496727;-0.5519145519236327;0.40236399183620875;0.36205144411445267;-0.13987015021214197;0.24616176931385667;0.043324056739956304;-0.03151252181890408;0.1606392012827897;-0.004350064222188703;-0.005995324112351085;0.004092754406113493;0.9014989966290183;-0.4327618380105211;0.40626473876787583;0.37891681057938703;-0.13650754949255556;0.2658894096581299;-0.08052690323568283;0.004355836527219867;0.13675189786013645;-0.14901490572701925;0.005132274736655348;0.02071461650360081;1.0882917060719899;-0.31133574081556215;0.31202648556676177;0.42172580108697394;-0.1414304228241479;0.23070340038338166;-0.09226168893073203;-0.012441899574724573;0.11816718019197599;-0.1533977839338604;0.0031581318879001403;0.07590308804101294;1.1922259882251565;-0.19893074166958244;0.20121587627008478;0.3369809878297489;-0.12303766636756733;0.17495922820935556;-0.030330177322521735;-0.03112566116524504;0.09632483114414672;-0.09252654604330385;-0.010372145827492503;53.136975190549315;16.964264423755786;15.575502825946653;46.254879088160614;32.22843619184236;12.5512515220708;45.308369123694625;61.06031648236503;30.60613007595931;34.0852259175833;75.06526592950381;30.819796515866255;27.587420609308367;67.13381587292724;34.16954351850747;64.5763999281336;18.18998489805503;9.712033140162598;6.967264656791986;0.9765519740554316;-0.22808993726949378;-0.03262148053509323;-0.3928140898628717;-0.23394061137925223;0.17261351417112744;-0.2766678351848434;-0.1613395439111135;0.35926803627447595;-0.16570503881277762;-0.05173765530366388;0.41294371644812095;-0.14318704001056115;0.002709677815942349;0.21027309188677923;-0.9770470620022933;-0.2958417920923624;0.5934933446119319;-0.2686029941905283;-0.2490498850632668;0.30213671453795743;-0.06387495925491034;-0.1852934058154887;0.18066813031162238;-0.011140883176895674;0.16116895615836152;0.5269020445101353;-0.8345051246468553;-0.3407254383397497;0.6831987821214077;-0.22989210773970475;-0.27343083929565803;0.07589569963830683;0.039836468982914985;-0.1317988648373722;-0.09795253748388981;0.03844411519152762;0.2248052010106356;0.8154171397025317;-0.6842196463756692;-0.2508993630402305;0.6108699844905685;-0.2026394770399863;-0.24301055792676843;0.023430932693203222;0.041750763850210044;-0.11435976406674395;-0.09621308878037994;0.045427597406007644;0.2394940302108355;1.048266949684619;-0.5503221303098161;-0.142215669615188;0.4493997257116122;-0.1557984635552407;-0.18294502020726186;0.01585185039907481;0.00033273998643455153;-0.11466699168254885;-0.08131194617584109;0.017839315933903234;31.15528439460411;31.885566595051916;16.364243357638784;57.28789729713935;17.871064504293905;9.195008586408646;51.447378640951946;53.51271268567946;51.42329936630004;39.44387882681458;67.00996628796325;44.84009780382111;29.335430278382937;68.71710768358876;40.808048123242166;34.2261563556044;22.01018103265648;17.625508127452854;12.055645069197295
0.9876753025523816;0.2122942602817266;-0.07592348703740857;-0.2816692181109274;0.22967855850085953;0.22271965354649545;-0.16148911676176578;0.21332737222162484;0.31433788367584214;-0.09198652669223793;0.2057357211157037;0.16789462372658082;-0.07833388877198293;0.050962110938370886;0.5748835641142259;-0.5638356155689085;0.4055391911363262;0.35623328192525777;-0.14187390571407651;0.24622660781432934;0.042482996953904666;-0.030034440392845956;0.16035607991014703;-0.004104318717420849;-0.0045341587179996085;0.0017810205345453053;0.8963489696222908;-0.4433456356195612;0.4058306523152558;0.373683796790016;-0.1390532081484051;0.26535491359621693;-0.0869619184421713;0.007652338474037253;0.1348456386933477;-0.1547981361267557;0.008467821039369208;0.02100558474983174;1.0849480761323886;-0.3205472401574218;0.31216483184702376;0.4181884438259431;-0.14378360289790432;0.22911465875901377;-0.09702204251859811;-0.009372765746293053;0.11573367786824242;-0.15652312668060678;0.006140634228770318;0.07857929328406564;1.1901517818521359;-0.20708883550954846;0.20049090193196403;0.3297981680113281;-0.1253336888280933;0.1739655761753358;-0.032200771569348204;-0.030956926119794587;0.09479299980939151;-0.09211111967504891;-0.009508572030641213;53.2649648348304;17.135652114662225;16.292858257555988;47.28793235006163;31.895812218427434;12.381734646267184;45.70314103785915;62.19688820559733;30.78707705765297;34.23510354950499;76.1355937446402;30.819436975264296;27.88348372559455;67.2897538594625;33.91751962485562;64.35515774982996;18.452738992177533;9.904015768081052;7.099013704776726;0.9752058900557516;-0.2352786371390543;-0.06857715565528504;-0.4028319428045326;-0.24521467000069022;0.19456591292184947;-0.27911267803524936;-0.1692591361162617;0.3985166382299439;-0.17061042195913256;-0.058655348870323434;0.43987804405012304;-0.14929770377396895;0.003336062391430397;0.2224613465984822;-0.9521295989942881;-0.31447368537591164;0.6250012863877428;-0.26296715855998376;-0.2545857706800301;0.3123285372227422;-0.06768895182389995;-0.18756173431621034;0.18225955024913057;-0.018525377494000378;0.16543692280408948;0.5634836085891176;-0.8093928881726723;-0.3545938888011819;0.7027282663937262;-0.23481845277540114;-0.28724356304281384;0.07960739989000205;0.020414979408493104;-0.14109115901957697;-0.09392800391266638;0.02316600069319929;0.22814081587733864;0.8652185487107902;-0.6603738174077404;-0.2621362675671941;0.6342990718946228;-0.20785920974861605;-0.255339808255445;0.02304750477601674;0.02464430002179226;-0.12404198852966658;-0.10430511033310273;0.03166086090748935;0.2381883311093271;1.1044296896218533;-0.5287757166356923;-0.1526841394393747;0.46119888985940505;-0.16310906813077192;-0.19214251762679643;0.01090510037952574;-0.010967920078992086;-0.11822501077306746;-0.08878080687760712;0.008122831640699234;37.548099488276556;31.35983895991116;14.765062490242157;57.899632257144454;16.337086353419018;8.571814165385948;50.05594110391532;51.430731902954605;49.01318866027307;38.2524249162066;65.55577943929242;45.047494700691196;28.977003805079843;68.53074426295817;40.639999008371795;37.143935911864666;23.5190294725364;17.643038604219235;11.564294728262345
0.9877445096582892;0.21073050580105346;-0.07975485653801326;-0.28491408877319174;0.23045699850777063;0.219711280698708;-0.1630782221306147;0.21284910666052803;0.3093009293580718;-0.09226053371821112;0.20509695612190243;0.16054647966292213;-0.07829306695558637;0.045087679730159376;0.5669351152986417;-0.5757133337813584;0.408665926431545;0.3503449873129382;-0.14386356577367793;0.24625605559507974;0.04163310208473452;-0.02854728388943839;0.16004886842030958;-0.003857192948885529;-0.0030676591274298405;-0.0005383730267364444;0.8910528620767115;-0.4538992257532336;0.4053365027461227;0.3683800013124632;-0.14158691434564294;0.26478034225433933;-0.09340496607727085;0.010958289516459533;0.1329137802885661;-0.16057750447819255;0.011812823559358082;0.021294447786871746;1.081436882948718;-0.32974189154808803;0.3122584897290197;0.41457930010664945;-0.14612353029531466;0.2274877056012897;-0.10178361180238184;-0.0062924494446781705;0.11327565118918075;-0.1596358474016103;0.00913179879037119;0.08125270712622638;1.1878988670658777;-0.21524311168692695;0.19973462014679716;0.32254466799038384;-0.12761894299838472;0.17294359129733491;-0.0340727000374982;-0.030783175169966367;0.0932425587887926;-0.09168104609632238;-0.00864085835431019;53.38487225894378;17.301667745173805;17.044007478863435;48.313353670727935;31.572450239506317;12.217560052750642;46.09759967068356;63.323993095938114;30.93341968289356;34.38566998888939;77.2104065611154;30.804051847396174;28.195037502978888;67.43711333068627;33.67142274328635;64.1185630769598;18.71638589191432;10.097702266148042;7.2319325807305965;0.9738598060560716;-0.242464568841329;-0.10696408836968893;-0.4126805547955344;-0.2567574742688839;0.2176657913900558;-0.2811173061120125;-0.17737411920055862;0.4397050562801453;-0.17549171515518097;-0.06594050072903945;0.4677764417017031;-0.15551787161170785;0.004000077338372221;0.23503421193403223;-0.9233216813056806;-0.3337500009542437;0.657393358248791;-0.256346325650774;-0.2599575744389314;0.32256329625465174;-0.07162754414362871;-0.1895791626021795;0.18356314859218148;-0.026399399209818514;0.16964643076453806;0.6014494513700743;-0.7806911335320067;-0.3686761021808145;0.7221100201942113;-0.2395805484347549;-0.30141464509152033;0.0834100564124405;-0.0004465260153300933;-0.1507395884225665;-0.08940716551964692;0.006739403867651396;0.23121265830332277;0.9166880374706884;-0.6333582190335593;-0.27360191422545166;0.6580115011999026;-0.21299524740603432;-0.26799125518321637;0.022585685920279115;0.006254768695447169;-0.13414597180019464;-0.1127482186863128;0.016835456154107586;0.23626332296442404;1.1621896378509373;-0.5045150427606434;-0.16356764669719462;0.472827980418915;-0.17058489143790756;-0.2015767044799779;0.005578983293268611;-0.023056065520337975;-0.12177774403169055;-0.09659024701612437;-0.0023094733505622743;43.89881714235443;30.730895446922496;13.324199763902488;58.383763095280464;14.870452169687757;8.103294486907721;48.626289890032645;49.57247019689739;46.186517068325635;37.125082014700936;64.27361142249583;44.96271920550993;28.811760443550558;68.37323271408782;40.30373448807621;40.57508368978995;25.090695140052045;17.542546019689535;11.025019026264385
0.9881930840732184;0.21248927783930305;-0.08718129645740968;-0.28714298063546395;0.2339859602339485;0.21630965468633082;-0.1643268424437254;0.21581157615326;0.3073103886853883;-0.09285970468659197;0.20732428160768346;0.15747881611690734;-0.07864986827296978;0.04765618580685219;0.5567668538064298;-0.5825164867522583;0.41275119696803225;0.3474894489839573;-0.14668212393339564;0.24799923817385483;0.04272779502214381;-0.029095782772799908;0.16128844001586387;-0.001722622519476552;-0.0030375654643203186;0.002802958110680772;0.8877585095085896;-0.4603009583097968;0.4092407917325601;0.36155929446940194;-0.1434471258175949;0.26478172447066833;-0.09842610780285949;0.013260748282396007;0.13091228430642937;-0.1639788311319462;0.013893732043660862;0.02593237591640524;1.082200049852852;-0.33601205823532515;0.3168332423639631;0.4106789666455535;-0.14816554813079152;0.22675449125882385;-0.10487679731738575;-0.0037964525167435495;0.11062386406235841;-0.16258125280049143;0.011488723630547943;0.08753878403715104;1.1914420132621224;-0.22166502531339324;0.2020677271188654;0.3183888032037893;-0.12953170178983056;0.1730850935851871;-0.035104647884145454;-0.03018461149577403;0.09164372074373;-0.09317000917059191;-0.00756986670898949;53.699457549052525;17.5549305991326;17.311165516042067;48.58108620387147;30.94953734748479;11.737113593245903;46.56935385097033;63.64946420609799;30.974882544452292;34.740601069761325;77.42932223452722;31.217975407475446;28.50384633729362;67.17917497971497;34.362334391496084;64.27051254965325;19.14982974534906;10.221542079405591;7.270888114584999;0.9746342235172548;-0.24641134358135;-0.13048516586050118;-0.41320171135990263;-0.263255656590268;0.22852681067539282;-0.27835876348548144;-0.1843940138644556;0.460648731158739;-0.17574758010929853;-0.0707589446110258;0.48036637588211767;-0.15689539023325744;0.005437611100334611;0.24939215124693936;-0.8962981908224622;-0.34966765479692846;0.6676465462455982;-0.24739430036560786;-0.26362783464747297;0.32591626807362195;-0.07143612764341095;-0.1904768768015412;0.18539386450045078;-0.029962397101805063;0.17201587714411332;0.6315860844977833;-0.7559825102997425;-0.3818912608248419;0.7223081999396179;-0.23763355676253528;-0.3102938632987689;0.08820524471266798;-0.012302986898586636;-0.15788750165427098;-0.08165326463363469;-0.003332361974157103;0.23192021064718957;0.9530986071521698;-0.6116005266620593;-0.2856122400260494;0.6645190136804777;-0.21179860361934574;-0.27566878279085877;0.02564189400775816;-0.003999008933967162;-0.1417487475845427;-0.11156736626442333;0.007685458849293986;0.23221376059212226;1.2004714460541999;-0.4863321989298576;-0.17071675943006195;0.4780343058573727;-0.17361176938223363;-0.20618393472495325;0.003933194589805922;-0.030057636870970423;-0.1252892901452073;-0.09885393842503336;-0.008287669422106533;47.558007385381025;30.306536898621125;12.822841343030062;58.43253383670807;13.886958555872516;7.476282793477665;47.92851507319132;47.62571573233243;43.2099989075169;36.904931524752584;62.418780309193345;43.631719916205;28.79371994019477;67.76974949872528;39.513771221215066;43.48813901177759;26.02409050888685;17.207489047894054;10.537547498521556
0.989073355974058;0.21814053676021677;-0.09889259961156689;-0.2882409374727104;0.2407706961678163;0.21241358847175248;-0.16520743787345782;0.22282147161661595;0.3088422225306105;-0.09384992737980141;0.21292102828406523;0.15934172735413868;-0.07947749626973215;0.060061775469683706;0.5439040103005818;-0.5835619241415994;0.418030584105048;0.34812994903954314;-0.15051158293725664;0.25176978098523445;0.04609723447728997;-0.032015985837704465;0.16434963246187936;0.00263320244531134;-0.004673966073005814;0.012761850076265376;0.8867864125704947;-0.4620032398836434;0.4183279454440316;0.35289809572734493;-0.14456071556345354;0.2654656529278802;-0.10187597778900608;0.014433145004177287;0.12880774888104748;-0.16467924827562502;0.014538977953906622;0.035686039438403386;1.087992288288495;-0.3389983980476786;0.32669161534140767;0.4064057615473703;-0.14989967489034609;0.22705979612939375;-0.10608486904585047;-0.0019422053981653859;0.1077144146332003;-0.16538428370842614;0.01314475937298283;0.09811348870569267;1.2018264714392526;-0.22618250656911837;0.2080306295271858;0.3177836928533845;-0.13104713296960033;0.17458803152378052;-0.035178869327684485;-0.02908597516548124;0.08997026953975593;-0.0969125386686195;-0.006247747469527753;54.21173848492705;17.92092861723595;16.994397533465566;47.975425048175424;29.98247136549894;10.913980516542578;47.13632870407961;63.06133565360376;30.93431318732164;35.33377094610571;76.66778557929395;32.142669970852694;28.79867185951059;66.46521718933604;36.1158476208608;64.82775249445031;19.79878046639406;10.26529875212686;7.200630568846029;0.977821645809787;-0.24663054268462528;-0.13496470610272523;-0.40308981165670554;-0.26373182076936985;0.2243702568527306;-0.270444590618964;-0.19001173543320915;0.4567256369657065;-0.17068287945936117;-0.07244880688351751;0.47454523778553453;-0.15259792931057958;0.007741911108524606;0.26554121425383476;-0.8743667958187717;-0.3612344890992187;0.6516601539741526;-0.23651295123329935;-0.265473681624688;0.32129801733665897;-0.06637649244277917;-0.190284062951421;0.18806725899069704;-0.028166906305516045;0.17231347275164663;0.651656916215886;-0.7386821580735989;-0.3939687065578286;0.7004756921003814;-0.2280663388091637;-0.312800258817852;0.09408613841989488;-0.01264494664675582;-0.1618827726807727;-0.07054231288810558;-0.005177312069428559;0.23011004841085128;0.9708859300480789;-0.5983843663931662;-0.29809979462743247;0.6509528840388019;-0.20335403488154122;-0.27736633315522563;0.032830225235835384;-0.0038629510820977755;-0.14614694000894327;-0.09899205112766524;0.005908598129807942;0.22619450586436676;1.2150889361641235;-0.47728362426638044;-0.1732416763539174;0.47597389577212695;-0.17137803492539627;-0.2050411797137889;0.006834801084771367;-0.030576582835486518;-0.12876646280231333;-0.09444895372602417;-0.008567976913503203;48.25132143223284;30.18045068999904;13.272930558975208;58.14266776676138;13.369357604185662;6.4769727042540906;48.178691770587584;45.31837363807083;40.265458087434055;37.706893693944444;59.71655332874336;40.945802659892216;28.779369021284598;66.61925727651207;38.33619464063179;45.51436908027319;26.155753495088774;16.705923774877135;10.149746507729139
0.9899536278748976;0.2239031470845643;-0.1108723549041833;-0.28933428690971186;0.24769137179966141;0.208402031749471;-0.16609137928828546;0.22997458670113924;0.3103775867168365;-0.09485372400224659;0.2186283847718393;0.16123201309648516;-0.08031635859359586;0.07275650232048195;0.5306766729407257;-0.584569982385687;0.4233911283708416;0.3487485512132107;-0.15441620947386278;0.25560328011943256;0.0495420265412695;-0.03500234194806322;0.16746621246547716;0.007092518481233001;-0.006348853027201887;0.022956638164551877;0.8856965071371129;-0.46369676514862596;0.4275869398564398;0.3439928887603556;-0.1456854057840504;0.2661375411502923;-0.10539716310144404;0.015631932127272482;0.126639327457701;-0.16537877525579445;0.015198044256073727;0.04566826299969991;1.0938063947860885;-0.34201970133650245;0.3367499829938447;0.4019873756833198;-0.15165911580459876;0.22734813970580706;-0.10731039881264434;-4.3575846768885155e-05;0.10472415448707847;-0.16823644136429086;0.014838845129292573;0.10892965062205531;1.2123300517323372;-0.23078347003859578;0.21411338692013396;0.31713024845085563;-0.13258468034431525;0.17610814076481232;-0.035251104253988065;-0.027958060751536448;0.08824734762998536;-0.10073388550581953;-0.004893463539218226;54.68076127826241;18.298389137220884;16.674154190524217;47.344487416463544;29.02277623963345;10.125394314634118;47.71185938951582;62.458524714310855;30.904965325718848;35.93493610026102;75.90189649878103;33.0791888858197;29.097724402866355;65.74779773083095;37.869172387049666;65.31360444947425;20.479710097471376;10.310208161680938;7.128558817195211;0.9810090681023196;-0.24667606851627755;-0.13939970719582284;-0.392572777786162;-0.2640250698125876;0.22000524617818878;-0.26224551401662355;-0.19555877241390687;0.45243077715068797;-0.16543756063990203;-0.0741064810986242;0.46831761566014957;-0.1481416591380015;0.01006737236237431;0.2816876219685819;-0.8515566336070052;-0.37267721735370857;0.6350229798641962;-0.22533657047716307;-0.2671512351519243;0.31639670862844393;-0.061210822515097255;-0.18995306152971345;0.19063725151754482;-0.02633049212630081;0.17249140123714066;0.6714946501337202;-0.7206536278553244;-0.405904573168668;0.6778898041596543;-0.2182253468701568;-0.3151121987222034;0.09996793295067684;-0.012981833053813247;-0.165808662448709;-0.05925225243737572;-0.007039934719862944;0.22811450862429175;0.9881856207492259;-0.5845875787098738;-0.3105190171120153;0.6367645138645165;-0.19466635319816292;-0.27888537516830914;0.04007836854491428;-0.003722557156555043;-0.15049166148693535;-0.08620033755768165;0.004106932938258097;0.21994391363555185;1.2290075971719123;-0.46778922288983993;-0.17567206394490326;0.4735495446467107;-0.16899597913220402;-0.20373868949254878;0.009765136049725311;-0.03107969385720077;-0.13219191354473583;-0.08992546048238008;-0.008845409803761466;48.963673890654995;30.046384279105833;13.73276417387473;57.90215284497053;12.833232770352819;5.468500838441233;48.56561293743081;42.948341368435464;37.23563220907277;38.59243918261424;56.96933922714757;38.03769964502996;28.778080844707947;65.44453932212605;37.160362131930725;47.65077460173636;26.238977240351424;16.185864459142316;9.765955459268895
0.9901284070626488;0.22613831270560317;-0.11393747792407058;-0.290171266082029;0.2501329329852044;0.20655920141747966;-0.16718413338696156;0.23160654867752453;0.3102728480846564;-0.09538366822450958;0.21996292231909387;0.16186878200378285;-0.0804863664205153;0.07637086664267602;0.5216054465696462;-0.5924760943262389;0.4257066554844631;0.34875432678569696;-0.1558065185261375;0.2567553701797893;0.05140901642125095;-0.03333342698567676;0.16835817086445018;0.008878433763313416;-0.004649802874506151;0.02522293197424694;0.8813633608181843;-0.4717652275336723;0.4314656055008495;0.3405394390647591;-0.14562183845743829;0.2669663933617156;-0.10621224076100111;0.019473589033306333;0.1259491297276069;-0.16535010508064965;0.017852874789030873;0.04701746355604662;1.0932002183194387;-0.3501814638347986;0.3408865980369719;0.4028426685476272;-0.15247096260132048;0.22760867119620576;-0.10749875755354477;0.0032478579274914064;0.10336472716397199;-0.16974401432590425;0.017376045173401525;0.10968892625576591;1.2146940457998976;-0.23908525334935143;0.2172686265559542;0.31727210014603996;-0.13357568596838218;0.17733814177022725;-0.03679208676087634;-0.026466508617462997;0.08814550869878343;-0.10468647085820529;-0.0034098348613605723;54.53747118702314;18.544121101899403;16.522012580988683;47.449504769596246;28.702010223677657;10.034322192825995;48.10348537548051;62.275144275370366;30.93136879156426;36.11547679785123;75.85674686486003;33.59972290911333;29.31195606761055;65.92743740424932;38.633935553662866;64.85869789422013;20.84191806404339;10.430140934855038;7.148896996902919;0.9823817858854352;-0.24672514329587425;-0.1426910352184233;-0.3880792199356156;-0.2643688908932865;0.21708313530662393;-0.2581265467290783;-0.19812517908520969;0.44973320602934325;-0.1628455082565018;-0.07519689625863495;0.4654276813436957;-0.1461538899942079;0.011300703769907754;0.2895376496905969;-0.8393969760847355;-0.37894918908516556;0.6267020715224542;-0.21974808981682353;-0.26780932711839417;0.3143905308955673;-0.05912765894265843;-0.18961535394008258;0.19246667577365778;-0.025954673866353733;0.17205785674698237;0.6821704479940407;-0.7106613636713655;-0.4120612709480519;0.6644416477322772;-0.21375285178645648;-0.3156949395750402;0.1024622513248409;-0.01421090625346318;-0.16758274196596978;-0.05318482077125032;-0.008778660018327457;0.22617663437011248;0.9976895355558006;-0.5766517538163836;-0.3164952486822698;0.6272827049711918;-0.19044231829375305;-0.27908719636300433;0.04377657406607601;-0.004731331402564796;-0.15288166056227423;-0.0792914051716316;0.0023007568991078005;0.215418087534853;1.236850728163216;-0.46206746463607345;-0.17653228734247717;0.4714462485931443;-0.16810404039487228;-0.20301283511582133;0.010649751335272255;-0.0321428395050235;-0.13460705626379565;-0.08808193221456222;-0.009728745212596304;49.347549261821;30.049529688356206;13.941005447026969;57.81875878198189;12.444631651100808;4.901874110792946;48.764392003560694;41.649597208181746;35.55177111632349;39.03063118519724;55.434154537194615;36.36737280883512;28.706475521810987;64.94350937055782;36.38869556933685;48.79752774179189;26.313988455419267;15.916830500824894;9.569523499870463
0.9895574239325536;0.2245097168178425;-0.10736713304050828;-0.2906711584097211;0.24768328846979468;0.20705260061276806;-0.16844971160310032;0.22725377460179555;0.3083691655089095;-0.09537954510888505;0.2165511239395353;0.16112438963240044;-0.0799243574922484;0.07016458837057399;0.5171262700605922;-0.607491104460641;0.42464383906132486;0.3480527897820883;-0.15444845826104545;0.25497115170387735;0.05153417449503382;-0.02671533757264168;0.16682210043748408;0.007757615788452981;0.0006215577043091093;0.018941833264632668;0.8735330082627141;-0.4863962278102781;0.429427009646308;0.3429565775695142;-0.14426621658064892;0.2679043115358421;-0.10409469564193245;0.0260496933153368;0.12683987811053105;-0.16451824831515624;0.022578089754176967;0.039083807786612024;1.0855744412565902;-0.3635995284405631;0.3385332811868898;0.40926505909968025;-0.15222636477291532;0.22779986168590108;-0.1065563448861128;0.00795089186351685;0.10376905770947599;-0.1697508072032417;0.020752371253699324;0.0996458261239573;1.2081082968652335;-0.25111477508362623;0.21718160759989316;0.31821566669697016;-0.13393811128117228;0.17820197631474852;-0.03986320799333196;-0.02461763291497286;0.08976894573704762;-0.1086691290890509;-0.0018229252799256935;53.775823028174415;18.642366782446395;16.550241392120167;48.34376317597381;29.089504355291176;10.652701165193282;48.31194511212283;62.55068230571988;30.994043113488;35.872316477747916;76.56623453083975;33.66347285307767;29.44493170992614;67.04252176284403;38.3347596217346;63.48499532149434;20.82694401680536;10.62391993011619;7.268543831861283;0.9818362156181686;-0.2469210456164763;-0.14482457807640928;-0.39027678119015385;-0.2649185017374848;0.21584579482157815;-0.25854291163971366;-0.19760535104524074;0.4490194358084218;-0.16319937780516097;-0.07571851487294387;0.46639294120568936;-0.14690152752792768;0.011366048349834266;0.28864145800348584;-0.8391798037392623;-0.3798779586094736;0.6276833004835449;-0.22029298674031195;-0.2675291933768021;0.3156738221857501;-0.06038650925469751;-0.189382402808508;0.19360612346490783;-0.02715795456119217;0.17107262172503349;0.683387317949821;-0.7097294778727131;-0.4122439527430186;0.661223423863501;-0.21516965682964548;-0.31460864693322643;0.10138006328332005;-0.016395811911691864;-0.16714345039605766;-0.05276595042238331;-0.010380701927700516;0.22444213400109336;0.9993850519263975;-0.575361144539437;-0.3157330068522675;0.6232492072784842;-0.1911250365548851;-0.27804134192486385;0.043684020316522174;-0.006966434464526291;-0.15325723616339879;-0.07875668124270659;0.0005007342634135841;0.21288606425145584;1.2388729256377786;-0.4606792234129918;-0.17581125070629539;0.4699713373455682;-0.16890808482667458;-0.2030254390649254;0.009348056631930552;-0.033817901300851785;-0.13600702161683836;-0.08916546126217419;-0.011260991757771437;49.367841233841794;30.205254227424344;13.875836908796924;57.855977331302704;12.22495197053598;4.805507681208359;48.64942987952569;41.5346230067475;35.33178587995572;38.93009053874909;55.213537999350976;36.158261604103494;28.55067549053455;65.17455096715281;36.037001564737515;48.80722712906769;26.42322756084606;15.927089271339973;9.567253413275015
0.9889864408024588;0.22282293804492567;-0.10081070449850497;-0.29107692206541835;0.24517416150298516;0.2074779598594031;-0.16965370691744508;0.22286159701250347;0.30638316573291047;-0.09534574697604031;0.21309647335403412;0.16033518220035428;-0.07934150771752459;0.06398118875676094;0.5125183239943695;-0.6222087015936277;0.42345643280915385;0.34724791239795216;-0.15305208495777334;0.25312038513921403;0.05164238086039701;-0.020136626575753224;0.16524514633335477;0.006642459876738823;0.005854732422751229;0.012700105135645645;0.8654870407867044;-0.5007702962035756;0.42726936704212815;0.3452494856093506;-0.14287543521981635;0.2687520344956198;-0.10195999335325091;0.03257028878983964;0.12768470395120612;-0.16364114989756862;0.027262217015187645;0.03119516011537872;1.0776655372562685;-0.3768076466100767;0.336091493560028;0.4155137012037789;-0.15193612088947137;0.2279187288682825;-0.10558753886633736;0.012617553413601273;0.10413815658323718;-0.16970468441455136;0.024097900075110076;0.0896440762291222;1.2011937636021173;-0.2629793899596358;0.2170275773946286;0.319053328498901;-0.13425621118177725;0.17900408622765107;-0.042899779845673294;-0.02277441577137934;0.09135272479067819;-0.11258923949792732;-0.00024688530740293223;53.00588337590807;18.741610259058408;16.578593087018536;49.22531746676562;29.52886190677587;11.274041051019234;48.54311704094076;62.83121911697232;31.039324915043974;35.665323196686;77.26183222001178;33.71632704205282;29.593467078949978;68.13683856718818;38.010351246018395;62.133259183514575;20.794242874535115;10.811607932050887;7.388231049384001;0.981290645350902;-0.24711709813548005;-0.14696826689178025;-0.3924839864030342;-0.2654699649326942;0.21460156735529673;-0.25896048632943613;-0.19708227203180778;0.44830060738816896;-0.1635544646482737;-0.0762424791891393;0.4673614505091845;-0.14765239881293268;0.011431680492166103;0.2877398356241228;-0.8389587425093185;-0.380810085131345;0.6286673189801549;-0.2208398617878133;-0.26724676906015965;0.3169624516197778;-0.06165142979944675;-0.1891476575682672;0.19475060088357615;-0.02836713975405436;0.17008190558871034;0.6846079652053911;-0.7087905751127387;-0.41242616590563297;0.6579869536164675;-0.21659280140637352;-0.3135158895699752;0.10029214416240986;-0.01859154900081112;-0.16670141101150268;-0.05234481656865508;-0.011990691274109885;0.22269824080435083;1.0010856735222708;-0.5740621803901514;-0.3149659111200493;0.6191935281272306;-0.1918105171922162;-0.2769893465557953;0.0435908593078231;-0.009212650604106625;-0.15363417046289174;-0.07821902963778778;-0.0013082586416952907;0.21034071314234346;1.240901055001901;-0.4592825244468451;-0.17508603347211843;0.4684875054428427;-0.16971557045068444;-0.2030374267488676;0.008039844981204409;-0.03550119596358322;-0.137413507377059;-0.09025409074839479;-0.01280083504095864;49.38650362960039;30.36195691647457;13.810563763817926;57.893440209279696;12.00520430807212;4.709678181698615;48.53480553592942;41.41855149470114;35.1074667211729;38.830518758585775;54.98987783152857;35.94587713826837;28.39573742302425;65.40594526198055;35.682421944237326;48.81679451915865;26.533463845846878;15.937347352303783;9.564941626485458
0.9884154576723636;0.2210809697536746;-0.09427446534771113;-0.2913902519708104;0.24260940026827238;0.2078363717042764;-0.17079628576189604;0.2184353065589736;0.3043186816420952;-0.09528297056340458;0.20960339678765186;0.15950295317264612;-0.07873886787069258;0.05782636608518843;0.5077891117015727;-0.6366207493020282;0.42214841184505864;0.3463428110092925;-0.15161965656476836;0.2512064153654742;0.05173390547802833;-0.013603020719541035;0.16362980525299722;0.00553395938879998;0.01104531908906327;0.006503136093328765;0.8572383538435447;-0.5148787371027874;0.4249975032973731;0.34741863539183254;-0.14145167627273358;0.2695107254987566;-0.09981066074225041;0.03903006736679979;0.12848378457704718;-0.16272070107979775;0.031901470539405063;0.02335843694686975;1.06948777202988;-0.3897972441335673;0.3335656631790668;0.42158620076918796;-0.15160154192419004;0.22796676873502342;-0.10459390185684403;0.017243968766275233;0.10447244004818945;-0.16960687415834153;0.027409959967576072;0.07969279662267054;1.1939647329562604;-0.2746708669263332;0.2168081873256398;0.3197866097886098;-0.13453065625621452;0.17974504467411057;-0.04589952470254358;-0.02093858173451247;0.09289614122035629;-0.11644426258353828;0.001316945193873843;52.228124503646356;18.8417923421341;16.60704814161904;50.09338759926943;30.019133396954995;11.896113534548501;48.79602033527914;63.11589086250735;31.06771938299874;35.49434277128566;77.94315994854719;33.75859983139361;29.757324098247892;69.21023152413241;37.6646879072179;60.804387667772765;20.744602424575767;10.99301847775189;7.507751979909546;0.9807450750836352;-0.24731329379642494;-0.1491221523231536;-0.3947008756699443;-0.2660232821221702;0.21335040850230436;-0.2593792691439618;-0.1965559180309061;0.44757667889035935;-0.16391077021318678;-0.07676879957229937;0.46833321208368367;-0.14840651678242373;0.011497601401120943;0.28683274375961415;-0.8387337444444105;-0.3817455748254002;0.6296541221922721;-0.22138871871101287;-0.266962033156917;0.3182564382135684;-0.06292245172299209;-0.18891110240490924;0.19590012925822983;-0.0295822607477876;0.16908567301990224;0.6858323885457821;-0.7078445945269299;-0.4126078947354538;0.6547321164933482;-0.2180223131936093;-0.3124166222306398;0.09919845950476214;-0.02079817600987875;-0.16625660351110347;-0.051921405195201734;-0.013608671025834025;0.22094489644786838;1.0027913962855126;-0.572754797500047;-0.31419392497119714;0.615115526791511;-0.19249876916042838;-0.2759311679314345;0.04349708633833519;-0.011470040145555973;-0.15401246597557114;-0.07767843189457206;-0.003126270704135241;0.20778195480533523;1.2429351090637997;-0.4578773069661142;-0.17435660725620403;0.46699468929506116;-0.17052651062845678;-0.20304878833524323;0.006725080579244036;-0.037192767269120915;-0.13882654473150927;-0.09134784561784984;-0.014348316091678151;49.40353622605997;30.519639328999865;13.745188264290833;57.931149628595385;11.7853950717583;4.61441225091002;48.420550817271575;41.3013997327002;34.87875776515031;38.73197353785573;54.763145915674045;35.73019320752688;28.24172031309768;65.63759305968996;35.325108632804984;48.82621904524738;26.644702931138266;15.947603740066043;9.562587394135589
0.9887717812985354;0.2210328030340199;-0.09498258063517384;-0.28936637827493283;0.24482208851023876;0.20600522121562925;-0.17080546915693262;0.2206673752060513;0.30535764940080984;-0.09596642765818354;0.2110051322694701;0.16179873042047277;-0.07960098727576065;0.05646562840013858;0.5051443569610975;-0.6326485298110531;0.42619429749822757;0.34751659127334567;-0.15281157183120123;0.25390644412921226;0.05312662189058702;-0.015984291708161614;0.16463565525182897;0.007218025882616216;0.009223605072668797;0.004550634180870802;0.858596254077205;-0.5126321919399361;0.4288395531679374;0.3469607395167366;-0.14135265150047843;0.27265693920631356;-0.09899638757407583;0.03767079209115596;0.13076207155522399;-0.1602586060730632;0.030399702622835627;0.02121931771077432;1.0733709490680525;-0.3892847054055553;0.33523217155791796;0.42375687857538413;-0.1513795732890479;0.2293476122761788;-0.10567160333691458;0.0174404514666313;0.10536561801491125;-0.16997292797023644;0.027155814030721995;0.07767764316291204;1.1993545954136706;-0.2757617846771367;0.21950131652966265;0.32073072835493605;-0.13424753780547768;0.18194661871405482;-0.04922972699377884;-0.019906432068439946;0.09401521188128342;-0.11867544237552416;0.002010268862439327;52.03090553749473;19.00655223790203;16.2300061194355;50.23323922204992;29.49044149904614;11.481160432288235;49.16987323062069;62.3675699658636;30.548981183595853;35.62185432137876;78.02685729592699;33.496588472502204;30.08108593491447;69.8706633613366;37.03951050904424;61.10492853122462;20.872244939130653;10.934010131949265;7.429564634601875;0.9802985548920976;-0.24707612891523462;-0.15101774347360666;-0.3945155993645276;-0.2655592733368744;0.20933345178431337;-0.26008700401943563;-0.19591211608635087;0.44417806406490074;-0.16500226907221588;-0.07793043689379935;0.4672874128753569;-0.14990552270897106;0.010984485035125592;0.284839959238434;-0.8398130671109756;-0.38176690779028527;0.6254853230506402;-0.22332878982454005;-0.2666879457328564;0.316506334487854;-0.0652859295970907;-0.1892208497277712;0.1947978525916861;-0.03135181447173884;0.16733280888962737;0.6842691792447371;-0.7097713867188797;-0.41317424363055405;0.6473908320234786;-0.21987584429655915;-0.3124022885498008;0.09983450174366502;-0.023201808998340852;-0.16681922527302914;-0.04919895413747272;-0.015591306585366005;0.21767791083147278;1.001966017505924;-0.5755086279950385;-0.31524192344268537;0.609326208443559;-0.1938558042194347;-0.27590527210757904;0.043136072000986944;-0.013454339658379628;-0.1549619641713242;-0.07698189199194;-0.004771456375211334;0.20297643962660264;1.243255004216529;-0.46140728451736024;-0.1759164871489063;0.46318089415692615;-0.17104161901184137;-0.2034150136197773;0.004331916484730045;-0.037936243823881916;-0.14005330160269028;-0.0925970083577487;-0.015233760796620737;49.12976528279945;30.78034619984282;13.668295465604634;57.851002827359736;11.654728085648486;4.664910390396606;48.44495079156327;40.805770817791775;34.058246587028655;38.77882925692305;54.455427215297746;35.29607404987357;28.312560697946356;65.91027473436712;34.75870480577345;48.85166806899784;26.625822028350182;15.954446584777239;9.578516468373033
0.9900773030610992;0.22271608292118958;-0.10324159773057147;-0.28480835361405277;0.2520410979868762;0.20181098926846452;-0.16961104897700544;0.22986815188328072;0.3096165129616689;-0.0974339120631087;0.21751591262995273;0.1673974140697102;-0.08200288427204251;0.06004818068884163;0.5045208657214203;-0.6093277195749282;0.43587615967518223;0.3508416154918086;-0.1567503028607118;0.26145587290440914;0.05590830924367144;-0.027716731670695913;0.16837784570566128;0.011858992783966026;4.490941736421613e-05;0.00695872267024006;0.8698778302683383;-0.493218143002107;0.4391024715242178;0.34370558512347343;-0.14261035804319566;0.2783449880463204;-0.09953416099717333;0.02812435613064979;0.13463028969187077;-0.15609560544564183;0.022454744939294505;0.024945947354587817;1.0897787608377292;-0.37464398150712913;0.3412669079534767;0.4218706664256838;-0.1512471823488305;0.2321254761666357;-0.10892346943625619;0.01302781278962751;0.10685270739265623;-0.1708092408120033;0.023177092019359774;0.08385488592275323;1.2178774470896934;-0.2658093125525679;0.22527680381758086;0.3218779151653285;-0.13335675528149668;0.18570935977443392;-0.052996461746243666;-0.019677552742761;0.09471273459282344;-0.11926585872734645;0.0018175933930612597;52.43549486196157;19.25708742529569;15.449830048527133;49.61524929798706;27.990643769419798;9.982063961259264;49.68669870556701;60.5615138167473;29.400118349606576;36.055046454686874;77.50311767220903;32.91569027850079;30.562126718327676;70.10965010515062;36.15165146237308;63.12935353939357;21.170387901083455;10.613394411430999;7.14576900141471;0.9799534230994428;-0.24638981401281304;-0.15262684818838732;-0.39186359049548225;-0.2640507617026179;0.20251955074717448;-0.2610746782643705;-0.19514749030075806;0.43806193655221654;-0.16682948818274412;-0.07972805436925398;0.46417333311267894;-0.1521469404724032;0.00988392987219352;0.28174614381656615;-0.8421868118545142;-0.38084076156408725;0.616064434727314;-0.22666525660919207;-0.2664181434291478;0.31165045985917794;-0.06874199907723427;-0.19007960705187404;0.19139772584586695;-0.033670710339073165;0.16481702233958334;0.6798480223412159;-0.7145922023544974;-0.41411436919462585;0.6359184130683166;-0.22213823107536673;-0.31348619436819;0.10222905038101703;-0.025783974248625406;-0.16840056709345544;-0.04415018893436;-0.01792792369486272;0.2128865027644786;0.9985272540846448;-0.5823680518013531;-0.3181295410824962;0.6018201709010381;-0.19587727292474913;-0.2769251600826273;0.04250377612883633;-0.015140917232041322;-0.15648123129578492;-0.07612973242453747;-0.006224789080353473;0.19591186601820854;1.2417776832821152;-0.4699328331184565;-0.17979569215673283;0.4570142199089736;-0.1712438362436968;-0.20413360105911535;0.0008584203742832415;-0.03770268609447376;-0.14107366761607681;-0.09399039312701171;-0.01543399140208421;48.553958297834626;31.147578360145797;13.581598735836069;57.645028498909106;11.615742171212599;4.865482319536696;48.60921499505296;39.9251642590921;32.64444439020777;38.973704459082036;54.06308345839611;34.648595779620116;28.618137527408468;66.21106827475165;33.985860597820796;48.89535082927981;26.47329926748331;15.957998814662881;9.613596440314256
0.9913828248236632;0.224332975348156;-0.11170340384214218;-0.27995585842613335;0.25935093995372704;0.1973779786748754;-0.16828873405710856;0.23923349541532257;0.31384301035641776;-0.09889518525169642;0.22411384777434307;0.17308153662063996;-0.0844359941329289;0.0637105446001541;0.5036084282902764;-0.5849531376139038;0.4456275803494265;0.3540830902536881;-0.16072831864786816;0.26910142468140297;0.05874700807846031;-0.03980077629388457;0.17214697238321197;0.01663856478512622;-0.0094204644898066;0.00943829991964173;0.881047115998125;-0.47293434838887843;0.4494513717548144;0.34016519120638394;-0.1438311723144094;0.2840620074609619;-0.10003556618194807;0.01826475947080297;0.13854740516611425;-0.1517192190055086;0.014249669599626728;0.02877563699248968;1.10611692316942;-0.35934591749057077;0.3473078343021811;0.41970021787925726;-0.15102987275329216;0.2348661111463365;-0.11221871446537507;0.008470407270424751;0.10832916706498583;-0.17158043952510407;0.01906173362783965;0.09018025788618944;1.2363282828769055;-0.2554040469450595;0.23111233715687268;0.32288900787323127;-0.13236692485743143;0.18949042176642242;-0.05685252667085039;-0.01943101526591294;0.0953814533157096;-0.11981101182020608;0.0016179297815610639;52.84142097978301;19.536337841762627;14.685880468421663;48.96493431637715;26.64385422945473;8.469671977721461;50.251615526393756;58.76392971682998;28.141618589996547;36.52545123723869;76.97037587208638;32.31439018643947;31.04988593769648;70.32864905614221;35.2762941072865;65.25754693646871;21.43129649249914;10.264703042240665;6.858001016572928;0.9796082913067882;-0.2456964561538228;-0.1542169814245188;-0.3892115867658587;-0.26254025351162724;0.19574474291166535;-0.2620425744738368;-0.19437887371451482;0.43196844666499257;-0.1686354793688607;-0.08150888860769938;0.4610590633960774;-0.1543648691891865;0.008790797980942877;0.2786608567331898;-0.8445025894276766;-0.3799027619665831;0.60668126797136;-0.22996674965953096;-0.26613733388839184;0.30681431460283937;-0.07216990912487958;-0.19092296166956585;0.1880127170511043;-0.03597131731247939;0.16231129445974044;0.6754255828564852;-0.7193436770513665;-0.4150276222574907;0.6244974838495935;-0.22437357746630016;-0.31454708449072666;0.10460143570247184;-0.02834634316790319;-0.16996237039391993;-0.03913553569679128;-0.020246889561808305;0.20811915987856275;0.9950646690652482;-0.5891499191714918;-0.3209809642583919;0.5943387957417535;-0.19787470734264756;-0.2779242685356547;0.04187395583495715;-0.016814647165601847;-0.15798198482252215;-0.07527999353560615;-0.007667382386586532;0.1888885068445131;1.2402506357548557;-0.47837432322427187;-0.18363830312630688;0.4508696254238936;-0.17143628083604553;-0.2048371095474636;-0.0025901729190837817;-0.037468973726265634;-0.14207985146122426;-0.09536920462938138;-0.01563203416302419;47.970814990595855;31.517036662099695;13.497595743157836;57.43240143184525;11.577265262440603;5.067396253282774;48.771163767042566;39.046746544794324;31.24609406252088;39.168574203944885;53.66534128455288;34.011331566581546;28.930684077924347;66.49329262081739;33.220897451505465;48.9412983051791;26.321243018892584;15.96181673623108;9.649179250270185
0.9910507757719552;0.22458246497269127;-0.11222403628560629;-0.28252852981914994;0.25958431917690716;0.1955567606938778;-0.17084854997893517;0.239192583535097;0.3106923287107959;-0.1005811276578287;0.2236021393851402;0.17320507405814536;-0.08631704432708577;0.06368189106212306;0.5002018657105402;-0.5938494518848962;0.4458932449395468;0.3534709959355899;-0.16278649562293163;0.26973509637889104;0.058626829926315585;-0.04024064292665293;0.17293735569036334;0.01542008167905482;-0.009466673570149317;0.010110475954748576;0.8768221983097655;-0.48070844680242397;0.44680777786975323;0.34258521700227845;-0.1460381103181402;0.284277521014703;-0.09801883558594383;0.018019006183867647;0.13911533800854242;-0.1515623984924989;0.014176066293237432;0.030141862494912665;1.1024980542328409;-0.36567230745418816;0.34559715586976375;0.41909731056719113;-0.1526995804722638;0.23623282109700836;-0.11300226095227385;0.008203610916340627;0.10928314088441253;-0.17056241969164238;0.018788665235392032;0.0917340401264825;1.2335987251432925;-0.2602575649989018;0.2301535327716423;0.3224626965899017;-0.13350219748023462;0.1904945679937509;-0.05889747865029581;-0.019442302088912053;0.09601347180319802;-0.11924711201255184;0.0015167718157632181;52.427283487074234;19.582796085052003;14.33215197408083;49.10063998472572;26.65449708279388;8.808367956881542;49.84276888608943;58.78567107228142;28.372280529805394;36.31441456444294;77.08997034459469;31.91274997265702;30.860069281514686;70.87051534819034;34.48031671015283;64.67598427199556;21.527826446670318;10.421593447503327;6.9622523767464335;0.9788723504890652;-0.24529149409549533;-0.15017642036348278;-0.390928303721318;-0.26224227052892785;0.19447287092761933;-0.2628537298146076;-0.1924770674324651;0.42666692620660285;-0.1678880219736296;-0.08099080082791517;0.4598859592720862;-0.15312570808850093;0.008963544072394013;0.27170399993135874;-0.854664479830405;-0.37734239240942324;0.6004178779395354;-0.23255621242450888;-0.26385645917668815;0.30643239155891916;-0.07231402563400856;-0.18906617959621602;0.18714046336800974;-0.035469222781850274;0.16094838849441875;0.6654231398227636;-0.7289085410594834;-0.41170789663975665;0.6220364037935312;-0.22696119195330883;-0.31214138094774563;0.10366019802436448;-0.02802346035633803;-0.16790112502470503;-0.04009522848157766;-0.0196734924277202;0.20667092336302387;0.9850016046134172;-0.5979112518303811;-0.3189448049563186;0.5909815092102222;-0.2003916910962375;-0.27521236132912574;0.04070878902198254;-0.01776433391973903;-0.1541898512897635;-0.07609813010804796;-0.007865882089350495;0.1889535698809446;1.230916660593595;-0.48614028663488046;-0.180180282039855;0.44757467737214185;-0.17308403331420033;-0.20176256356450767;-0.0013975961167187283;-0.03879529361403709;-0.13881811761014554;-0.09577349729482414;-0.016493962087857156;47.32929926670907;31.57044114263442;13.606241993788116;57.613559416471915;11.549603401229747;5.176399377886564;48.84857785014566;39.23587414649145;31.682218460062998;39.17325721982624;53.79647183745138;34.64338848587831;28.708064662764176;66.23424839191526;34.24180317088116;48.02550581351643;26.127640056467868;16.137806248711982;9.798340335520807
0.9896050306569204;0.22378047400113607;-0.10724217536150285;-0.2899671715930402;0.25484415110602887;0.1954823736310102;-0.17590486864719668;0.23260236471405493;0.30243911295227;-0.10232161871381076;0.2181339097005932;0.1694371350087219;-0.08772231994434435;0.06109825066837093;0.49494939667039145;-0.6249530692491624;0.4394461219035092;0.35007013780950397;-0.163390915821355;0.265422497480997;0.05645771719135438;-0.03268196151849935;0.171582670045284;0.010127332918867693;-0.0030631650801528167;0.009521153067319382;0.8617687854042277;-0.5072118966932764;0.4351391612993326;0.34884471200888656;-0.14878292907068857;0.2805855337338001;-0.09429249709917233;0.024348849141199835;0.13730779528272766;-0.15422367746699875;0.01966064940397573;0.029767282981693708;1.0848019667014652;-0.386425856065354;0.33846775947672847;0.41938228795450216;-0.15553636441148316;0.2365044685498302;-0.11198942220381679;0.010876101012488952;0.10979826124478799;-0.1682684536319749;0.02114325507504395;0.08993261145833754;1.2158650112227518;-0.2752785142414897;0.22446414675527238;0.320909965485884;-0.13599272191416614;0.18947682435124846;-0.05961366305201805;-0.019620234143600233;0.09655503254191121;-0.11788376455231488;0.0014853018244387836;51.464095261192746;19.45456802249152;14.246169972215515;49.75729316882819;27.586486523191727;10.404257764827022;48.796473757283685;60.05404642281429;29.635438796491872;35.64058803041695;77.66200037045684;31.652877406845047;30.20426671148109;71.63686798737106;33.73986026977843;62.30793820784338;21.463720319125585;10.911338777139365;7.334673038238868;0.977870624235416;-0.24501998099450245;-0.14236727387589587;-0.39545110763713526;-0.2626903337609383;0.19684114963860336;-0.263485874191892;-0.18978454583088447;0.42183078146948466;-0.16539676788486107;-0.07891938536901652;0.45990289154203307;-0.14954656659584098;0.009978856954141373;0.26214837600141194;-0.8697666846162447;-0.37362252258578826;0.5961398723718336;-0.23458802748882576;-0.26019024805458835;0.30895322793018465;-0.07024293786513136;-0.18537155216254436;0.1879076778731957;-0.03308850750961244;0.16031993425953922;0.6516048274722768;-0.7414234063568814;-0.4054809516035785;0.6254273145588929;-0.2297041695043054;-0.30735855644427396;0.10048502814888315;-0.025767146477326783;-0.16339216028219689;-0.045030774243399525;-0.017166181296498714;0.2074011640292336;0.9703590867829553;-0.6077682855430593;-0.31357659941540533;0.5902587335902573;-0.20318328309260633;-0.26997198309266435;0.039185200801224396;-0.018217308131379933;-0.1468518382560673;-0.07800491114016941;-0.007228908513731854;0.19370882736224426;1.21612745044623;-0.4932639903578357;-0.17182455459356935;0.4460983735669687;-0.17564641268493436;-0.19613662296529277;0.002888149070790335;-0.041143381757513135;-0.13269519190548074;-0.09549828385707478;-0.01778818295431619;46.66387746923187;31.413048278638247;13.846734126307389;58.04451057189101;11.574005229355466;5.222078658819637;48.889645978753435;40.15000617312165;33.39393569702408;39.05729211410492;54.28813061163703;36.20177834468053;28.119636277911837;65.57024461457661;36.53807794017163;46.50891966921602;25.89101455668988;16.42004234428017;10.025867780625353
0.9881592855418858;0.22279320906026664;-0.10226540600801515;-0.2969926263198974;0.24997113394095274;0.19523335475679415;-0.18069942920253723;0.22593711663825752;0.29408189545951774;-0.10393436651596673;0.21258077766230626;0.16559345515259347;-0.08901985287318136;0.05851231144083982;0.4893581787818283;-0.654858408018011;0.4327346590186605;0.3464232732877306;-0.16383576100760078;0.26095878639622344;0.05428202269243499;-0.02524817654599287;0.17010103219161843;0.004933534967044532;0.0032123455804233176;0.008935284419254395;0.8462462125476016;-0.5327170998205204;0.42331670753500905;0.3546620428196269;-0.15133762977476098;0.2767160979921678;-0.09055728178454221;0.030527497309431478;0.13541343295078317;-0.1566916415516089;0.025015522299752214;0.029373528746392062;1.066489704950031;-0.40640741078273496;0.3311789475235483;0.4192835373396401;-0.15817506681946406;0.23655745290377014;-0.11089635078344759;0.013484218972187429;0.11020392285621816;-0.16586970170710608;0.023430712406417538;0.08808692850484458;1.1973977894149008;-0.2897446836484543;0.21868867011446272;0.319099766157152;-0.13830984628824644;0.1883091236572862;-0.0602615047811533;-0.019776852914792132;0.09699852820809823;-0.11644203028165093;0.0014531360249107732;50.512912151055765;19.32167839473718;14.1557046074402;50.37509475795256;28.60646205562869;11.987116021037654;47.81373724029671;61.33914576479461;30.857549599772614;34.99162654584788;78.23908727611041;31.38884167913557;29.546318601931375;72.39725561488868;33.00877609624275;60.06951656772733;21.321952442934258;11.369270866205898;7.70573179274905;0.9768688979817666;-0.2446693352626692;-0.13462967926722397;-0.39976998995958957;-0.2630422034288239;0.1991061265255456;-0.26401872689954525;-0.18706885947686086;0.41692550733948347;-0.16288754890983703;-0.07685295704080734;0.4597632033146132;-0.14597155987640978;0.01097518115200563;0.25265040737492883;-0.8843411992664314;-0.369832766615109;0.5917249013512497;-0.23650887568044282;-0.2564918918957003;0.3113303025672753;-0.06817978206139899;-0.18167065347560332;0.1885992214295096;-0.030733112302629022;0.15964662709844193;0.6377772390952752;-0.7534939599944376;-0.39921179968411946;0.6285535018914833;-0.2323269166017222;-0.3025447024256041;0.09732446794179206;-0.0235367309170185;-0.15889690583549185;-0.04987519626864937;-0.014691548206991242;0.20804967418777592;0.9556115814908263;-0.6172672748369844;-0.3081842422330304;0.5893463808542551;-0.20586291460075773;-0.2647203146312269;0.03767169370240651;-0.018657130673856357;-0.1395766154281106;-0.0798558819416341;-0.006599261634542155;0.1983251820674697;1.2011519484202047;-0.5001105656120541;-0.163538759891401;0.444493079899582;-0.1781097145981303;-0.19053041765258796;0.007107079866274626;-0.04344141323398123;-0.1266212047537698;-0.09519482986672272;-0.019056475828775423;46.01414735224154;31.261901918245588;14.089496332787375;58.449907281030114;11.653022705571281;5.268788646330903;48.95477357129578;41.064360222588384;35.14820505155126;38.952253871810285;54.7777058478617;37.848491348908986;27.53348962833039;64.84797517004802;38.91620265410346;45.05956418461337;25.637914233598956;16.68875466079275;10.254673681225908
0.9884694115355236;0.2224439954668141;-0.10441151713699492;-0.30086057242849634;0.2503781475404101;0.194158545771462;-0.18274399997444712;0.2272452496765914;0.29370345528763087;-0.10496102227976199;0.21394022573937552;0.16531843681087854;-0.089761574060189;0.057176807318021466;0.4832867597069557;-0.6627740917656515;0.4343029247780203;0.34827176893051554;-0.16527214323935124;0.26234147670797453;0.05525525111925581;-0.0246768015187445;0.17131799597820835;0.006857320541107345;0.0039190700340444255;0.00739324394813601;0.8422819707811209;-0.5389864763062189;0.42595125913741494;0.3552770466597963;-0.15245818687010096;0.27730699983034124;-0.09076393585924833;0.03221517010640969;0.1349545651815468;-0.15697794260374978;0.02651613654796563;0.028059906133058476;1.0642550911056936;-0.4111716577381275;0.3337853362939356;0.41970781085767017;-0.1591075497691828;0.23653495903006178;-0.10958497291740703;0.01505383781965307;0.10921525618647282;-0.16544857722667397;0.024788318335892467;0.08756424857873626;1.19726847372456;-0.2933274003324862;0.21959416002161633;0.31827022951564776;-0.1391514359152024;0.1879268135409255;-0.058997044027588486;-0.019517369560495258;0.0958480106944661;-0.11615822156129152;0.0019157590599888387;50.48593354418363;19.4372338100286;14.16593963035043;50.661304597206914;28.608341439881585;11.62443318497715;48.04614552629969;61.35080762097516;30.98146822455897;35.22867729539975;77.92163792378224;31.802330879741817;29.707019561607915;71.94767803216537;33.607159710156424;59.594379045696996;21.562393198739418;11.53233528786072;7.813369451250085;0.9775870520178734;-0.24183050682785795;-0.13621523052695222;-0.40126030287715747;-0.2604031186863312;0.19337141676580083;-0.26586833858316794;-0.18605704606263493;0.41258029748580843;-0.1633175680307853;-0.07623835000179983;0.4578215343547696;-0.1458015357664402;0.010188835211347754;0.2461731476771131;-0.8947132438176253;-0.3662757231349615;0.5867777278216839;-0.23440373164099015;-0.2539482839827403;0.3096843755855066;-0.06313324177685696;-0.178558961520076;0.1851795450981515;-0.026767905896017175;0.15715880023335732;0.6287094019911649;-0.7615941172022821;-0.39581129271766524;0.6212075704993987;-0.22888118835554055;-0.2999980616824111;0.09781518854860202;-0.017626492646026053;-0.1565599295307718;-0.05081581404366501;-0.01128042940225299;0.2044766097747787;0.9438775040763338;-0.6224654799363958;-0.30453081361919804;0.5838867981975018;-0.20427647446266245;-0.26239759922639266;0.03620535477978026;-0.014852111899631853;-0.1375011885357481;-0.08152105737292582;-0.004417331094282682;0.19466566738708768;1.1872573635143595;-0.5021098558108534;-0.161816628519066;0.44116738957301393;-0.17671345044674258;-0.1879218306413181;0.004372569970018567;-0.041091458529908115;-0.12298462237003208;-0.09720660131478427;-0.017635686712571534;45.54110625225898;31.71915207450818;14.240354877525554;58.86580120078749;12.103070516670481;5.472508869109401;49.330910422176224;41.15473467058798;35.97610211627007;38.96115808171275;55.31942919674963;38.516701270150286;27.412103561705568;65.79889859574025;39.52991272783249;44.487182695611786;25.47620114484417;16.855947692767206;10.470584977528079
0.9893232249633354;0.2223236562837413;-0.1088080870958605;-0.30386174929409204;0.25246424497140263;0.1928446649667221;-0.18400040066899043;0.23107435514453248;0.29583316635377904;-0.10583964687405417;0.21749148293913162;0.1661692895198798;-0.09035777006442124;0.05621689967143068;0.4770554743159142;-0.6641265887191221;0.4385252312625703;0.35190401803596966;-0.16706414146063803;0.2655950025706404;0.057225260600145406;-0.026220958952587428;0.17341564030547238;0.011010313058699399;0.0029167288572680412;0.0055336678039799745;0.841968776772894;-0.5394978753064666;0.4331630326002939;0.3543533242603833;-0.15317804778528027;0.27933101967866586;-0.09220664265598211;0.032546333834465244;0.13495470285205863;-0.1566207194333276;0.026853166151749455;0.02644686643903807;1.0671309036974754;-0.411375319973944;0.3395438418481532;0.42036999475270354;-0.15955353865936864;0.23652819832711042;-0.10820453044240708;0.016328912649136208;0.1077990317750988;-0.1656595956950681;0.025883354590953336;0.08745696155571049;1.2030019241715706;-0.29365090927651016;0.2226139669870695;0.31778409463628404;-0.13957309872075105;0.1878126470167529;-0.05713245965994447;-0.019128653668699508;0.09420356590694513;-0.11624718809104412;0.00253857177169891;50.73958458109312;19.63340670375194;14.20748072891184;50.85781746772234;28.283553617296704;10.696707050870506;48.64190655432318;60.967112448573374;30.77329431848233;35.73502402833582;77.32469283538066;32.43489980623431;30.1236105296283;71.11519944715995;34.635598065475314;59.63303016888117;21.940826861698877;11.611009795529524;7.8402888844713985;0.9788377493011504;-0.2382709862390227;-0.14058602225512123;-0.4018628172176295;-0.2568883351687134;0.18529485976678658;-0.2680803433300627;-0.18556604466381568;0.40844790102718664;-0.16462224651785495;-0.07606714446365144;0.4553461205732964;-0.1466553972950724;0.008875158599507698;0.24068571384025694;-0.9036448789553756;-0.36282377022467194;0.581715797277871;-0.23110445046062766;-0.25177817722084855;0.30683625799874037;-0.05725307011263721;-0.17566064953535307;0.18055962913436108;-0.022369976053063727;0.15415176082218726;0.6211770725159369;-0.7683594726532299;-0.39330762658355706;0.610780462843138;-0.22364371898202634;-0.29815878861559425;0.09939686091501364;-0.01068594744928526;-0.15489983309904592;-0.05056453284162602;-0.0076327018307573635;0.19967140325253352;0.9331769711916365;-0.6262736204396926;-0.30144026685958036;0.577108656842742;-0.20141755838660985;-0.2609801489287795;0.03477179779717562;-0.009817959969119551;-0.1370170487031565;-0.08310467632709256;-0.0017966714533062089;0.18855284545704606;1.1738339618474625;-0.5026019861829053;-0.16209142863843243;0.4373519185061164;-0.1741657273964511;-0.18624579384995246;-0.0004220581130429932;-0.03737011977462113;-0.12012792895282196;-0.09988580704048768;-0.01542253892364191;45.10608575342958;32.37034445275045;14.362719478346412;59.28119571637748;12.668211652168349;5.738864389526349;49.80032853045529;41.011673816475536;36.49151189918727;39.008533327023876;55.882959476325006;38.84285263365881;27.43758285431604;67.28998804915622;39.557911733483;44.18411412377726;25.341443963618776;16.986658173713003;10.679858238463394
0.9901770383911472;0.22220091926746807;-0.11326023410749793;-0.30689997074469366;0.2545759313318555;0.19151329853533666;-0.18527208858544392;0.23495133397713297;0.2979888531253706;-0.1067290509592866;0.22108712731738053;0.16703033324495653;-0.09096120842133448;0.05524454666303228;0.4707429630264122;-0.6654937287817336;0.4427996122605392;0.3555811629531057;-0.16887831486527552;0.2688889361539923;0.05922014001775701;-0.02778468275393748;0.17553932820803753;0.015216160631678391;0.00190160921546765;0.0036503841569810987;0.8416483175100532;-0.5400136890190871;0.44046497916636396;0.35341645738465916;-0.15390648178279384;0.2813797332201735;-0.09366736687023444;0.0328815890586993;0.13495431718190928;-0.1562583368112695;0.027194384118608472;0.024813178078931932;1.0700391942743408;-0.4115799756989089;0.3453743740641067;0.42103897746570756;-0.1600045874364692;0.23652043120534588;-0.10680608385070654;0.017620164950212035;0.10636434905965696;-0.16587265740453325;0.026992237937672827;0.08734796770049079;1.2088037225236228;-0.2939773962856888;0.22567137196099524;0.3172905312493493;-0.13999958930641107;0.18769629556098255;-0.05524390323289245;-0.018734912159966238;0.0925378088033461;-0.11633683550854222;0.0031693075560125707;50.98963620600358;19.832311456749505;14.248157745044361;51.06058539673422;27.964095957981446;9.812763747008844;49.23729209299827;60.58532227976663;30.56497013681155;36.24132518848056;76.72592674635189;33.077284838644935;30.54254098776873;70.27193926611902;35.687479640358845;59.661936833656355;22.326547721919784;11.690506267670772;7.867638763721485;0.9800884465844272;-0.23475211171468865;-0.14485993080355095;-0.4024104987976713;-0.25341134320508235;0.17734906293885105;-0.2702219609413389;-0.1850640909550428;0.4043483964102852;-0.16588470416752707;-0.075890887795774;0.45286756373849096;-0.14747740671867704;0.007585056406750026;0.2352746737892131;-0.9123116954614224;-0.35939694741859135;0.5766853308245966;-0.22784173174761205;-0.24962130028697338;0.3040080634983316;-0.05147651968184428;-0.17279742317402408;0.17600642367056996;-0.018051764926506522;0.1511841703230186;0.6137180699860945;-0.7749151419454158;-0.390808072700691;0.6004818782580771;-0.2184798226317578;-0.2963215364345919;0.10093821195120453;-0.0038738790053006776;-0.15325394624391064;-0.05031246172973246;-0.004052278837414965;0.19493429556114397;0.9225751069465477;-0.6299427178098888;-0.2983747564350582;0.5703945345885248;-0.19859019895427768;-0.2595608724507897;0.03336124606500363;-0.0048767712881543175;-0.13652709317275785;-0.08464970435722939;0.000775234319713988;0.18253375173350583;1.1605339891508093;-0.5030304211439707;-0.16234351844557215;0.4335602853229823;-0.1716467037794373;-0.18458086513626482;-0.005127086322302018;-0.033714235709067696;-0.1173115659118571;-0.10250413867587883;-0.013249055870188913;44.65644533865017;33.02841381863576;14.485430896796593;59.687279292193466;13.243785643582733;6.021575370707894;50.2710668073122;40.892876487921455;36.98572175650817;39.06179695417324;56.451646510316905;39.1450489412681;27.466996284191307;68.79055646238693;39.559291727849555;43.89264846019963;25.20241609331059;17.108914376403497;10.886302634788622
0.9905447643222988;0.22216469611587458;-0.11454719792009851;-0.3071770658809075;0.2558163692414592;0.19162559560011347;-0.18550885772826373;0.2370485488441606;0.29914184413275785;-0.10711501310262153;0.2227994633843429;0.16947848792500866;-0.09139680089033858;0.055299789932516885;0.4699125864721924;-0.6638008928413007;0.4459150721963459;0.3573281476297134;-0.1688320028774467;0.26970123571297233;0.0604398849374766;-0.028448516652995477;0.17580493591726054;0.01654176584256826;0.001248213759847504;0.0029951573837330666;0.8428154472639825;-0.5381943430448335;0.4464157151490561;0.3533008090906351;-0.15392244278903486;0.28249684906761263;-0.09391370936420411;0.03203428490958458;0.1355207470976284;-0.1564673205930484;0.02637160118338599;0.024222226214086047;1.0718885604028403;-0.4097096400586483;0.3511972672061315;0.41963336350874103;-0.15962612846806254;0.23680505038800506;-0.10633219340723017;0.0172923897087082;0.10589731827667784;-0.16540602512251001;0.026537272498634693;0.08763368669122171;1.211413499046201;-0.29211219771158425;0.22887595304913894;0.3186587177385169;-0.13984300228664173;0.18805575924124873;-0.05436194372224046;-0.01896126134195865;0.09170216268544788;-0.11575776389424797;0.0029286466084313574;51.11949938847367;19.807932907234964;13.933074228696988;51.15575969621867;27.638732063848458;9.588353844880283;49.635914381342;60.10841777201424;30.51934390986168;36.8244987837998;76.03617494688893;33.23927326201145;30.798791026055653;69.73697824316228;36.065549706758475;59.80546515370828;22.436151258359953;11.687677988938907;7.872764106323838;0.979137480974934;-0.23359183975042047;-0.14271236952736038;-0.40427188422478;-0.2503538431190626;0.17365467491096068;-0.2720348987362465;-0.18235159625989433;0.40122030687100846;-0.16686914956830357;-0.07420391217307815;0.4517001907495866;-0.14844504600855377;0.0037413763663033334;0.23595671686822908;-0.9188345497594465;-0.3528974059241219;0.5759679375731602;-0.2294095562924904;-0.24731345636371146;0.3037610491892245;-0.05132483360691542;-0.171143347876309;0.1757890163070506;-0.017408333188752585;0.14820632437993753;0.6080127711500322;-0.7799713812264186;-0.385957099769906;0.6013818571960128;-0.2188185969500826;-0.2938285321919016;0.09909925949941238;-0.0015804474083101322;-0.1518838199323264;-0.053035090170727946;-0.0024313636713019955;0.19333941688808873;0.9125975754046441;-0.6336716849151824;-0.2971108629587361;0.5690707048519675;-0.19934391256201073;-0.25832789435344755;0.03179686720712155;-0.0036676376595435795;-0.13566415572378157;-0.08503618513027714;0.0017190581804796923;0.1826440269200761;1.1474111149018544;-0.5054372341481583;-0.16343940021069678;0.4311702537244402;-0.17194120176948036;-0.18513592632457915;-0.004295509033503551;-0.03351578534149464;-0.11757389007297424;-0.10005017898029064;-0.013241181321716687;43.90756307901397;33.38620620140766;14.518877454420188;59.313376596095594;13.525106824298925;6.095395646609309;50.12565903958888;41.5812108778272;37.88811572269314;39.10935988506257;56.89101187562191;39.121942779242715;27.757428021877534;68.34977055801582;39.06604435996453;43.329744883133955;24.869583746190596;17.116719169394937;10.977171844696132
0.9906015898804952;0.22218213023457226;-0.11378276576091279;-0.3056667080058036;0.2564852320864765;0.19266738056375715;-0.18507422759613662;0.23798344780353015;0.29963836871648075;-0.10717281326050199;0.2232847363952737;0.1729371258059007;-0.09172082898458403;0.05601763654990397;0.4726209750333431;-0.6601338225957013;0.4482616567748443;0.3578161985992678;-0.1675828729135019;0.2689042239339684;0.06115231435487036;-0.028527651702903407;0.17486761990227526;0.016000805898406127;0.0008316733805716664;0.003136132379039804;0.8449280785307681;-0.5348707383882626;0.4514590201890433;0.35371218273893545;-0.15347665509049135;0.28300376451821996;-0.09337371534462681;0.030427408178919774;0.13644881591563598;-0.15704247166760998;0.024801164408929578;0.024307267945420336;1.0730333232679725;-0.4065046642820766;0.35698189087155874;0.4168908980074172;-0.15871229766495598;0.23727446407676492;-0.10645651632689011;0.01592075222765187;0.1060562959079641;-0.164501135378955;0.025074618098938357;0.08817186424980814;1.21193605811057;-0.28883825069323743;0.2321568307824957;0.32121859284021537;-0.13930923925551772;0.1887185933823662;-0.054133797995376084;-0.01958662522893743;0.09140574443686356;-0.11474862486644324;0.0021265504180156465;51.173035578047156;19.640008756168434;13.397246400643542;51.178581480782476;27.307281967000005;9.771345782493576;49.90636300794803;59.573955931237364;30.57789332949331;37.45556636023993;75.29182046830933;33.08703314404417;30.948240572138673;69.40826881804664;35.99894268103592;60.02705127519841;22.365108225159574;11.631806194647355;7.863573229485583;0.976778337168744;-0.23390808346861003;-0.1365876560234651;-0.4069410086327094;-0.2475801178150248;0.17263046873675034;-0.27363350071355663;-0.17828454977335223;0.39872097108258986;-0.1676754812174406;-0.07158964550131958;0.4513599672446926;-0.149497953559506;-0.0016640248586941252;0.2404249439048697;-0.9239879095746958;-0.34453438892740423;0.5779423348598566;-0.23397242614894742;-0.24492955005859604;0.3051233582563095;-0.05467225002122288;-0.17025385436943438;0.17827067296368307;-0.019054456524154703;0.14524360503622968;0.6034419551892336;-0.7840676641167359;-0.37968025789648735;0.6092443688828928;-0.22257861029100395;-0.290947242094989;0.0951717265531463;-0.002112362225751159;-0.15069578381295837;-0.05758940366814016;-0.00203992911445742;0.19371092808095974;0.9030839123754698;-0.6374180398986928;-0.296978395985967;0.5711125558489879;-0.20232099962571162;-0.25722136701754705;0.030147734435291323;-0.004787396604016589;-0.13457632583185022;-0.08470037435186759;0.001644121018427862;0.18656647057694134;1.1344974021789471;-0.5090622623180209;-0.16505393719086497;0.4296717197833446;-0.17398467905557644;-0.18706924429458552;-2.6868144359933757e-05;-0.03546885874965507;-0.11974982577713461;-0.09445971885910498;-0.01458008395850269;42.9864191427805;33.54617733104123;14.492713061168194;58.46611999420297;13.617691028912093;6.040082774321647;49.610183692660215;42.76162657371869;39.02751956010397;39.153753722596974;57.2407047363155;38.90396245267513;28.20897109986672;66.71529720863447;38.21391354029958;42.59981781567588;24.424913455693257;17.054934606772136;10.995425182931909
0.9906584154386914;0.22219612284731802;-0.11301601236580436;-0.30415050684882144;0.2571505908285337;0.19370692300781403;-0.18463640620955316;0.23891532251737027;0.3001305938044353;-0.10722898904446994;0.22376688879466997;0.17639557419010132;-0.09204366528793899;0.05673513098039201;0.47532397304159807;-0.6564538401003134;0.4506029680763677;0.35829903950233444;-0.166330235105558;0.2681024558189639;0.06186430784610489;-0.028606400433127288;0.17392690809305533;0.015459206332163692;0.00041481910166325044;0.003277160480325603;0.8470291007957109;-0.5315364170255841;0.45649895075365426;0.35411835471986997;-0.15302815929994876;0.2835066465869699;-0.0928318795409126;0.028818897370826185;0.13737543403760735;-0.1576155968918058;0.0232292073537366;0.024391993236145864;1.0741622316150956;-0.4032910531277843;0.36276514446630953;0.41413996984685136;-0.15779533919176497;0.23774052820681998;-0.10657927407423835;0.014547876165060527;0.10621373962854748;-0.1635930344308342;0.023610517045209525;0.08870905992382497;1.212440153665983;-0.28555744773576597;0.23543646993360484;0.3237753238229919;-0.13877292481647927;0.18937897258282452;-0.05390464584385442;-0.02021213647211382;0.0911076909938143;-0.11373697277487237;0.0013238416150666132;51.22520942067307;19.472660406775884;12.86929450927815;51.20055208532131;26.97586616307773;9.963967465979568;50.17371315894614;59.04464104804786;30.636454656976255;38.084843152606695;74.55112612443367;32.93161627734636;31.095560202804716;69.08473533385346;35.92850851857524;60.24901421711074;22.29314610938397;11.575915112080855;7.8544984777903695;0.974419193362554;-0.23420791600767035;-0.13056998580909188;-0.40954241396280444;-0.24484648062417433;0.17161739695508313;-0.27519019324546434;-0.17428462798404817;0.39624982445093876;-0.16845933430774704;-0.0690204688359291;0.4510056448781256;-0.15052464576581553;-0.006969434220671055;0.244799717631931;-0.9290042753928383;-0.33631039649833466;0.5798541307592787;-0.23844038471858206;-0.24257864594208375;0.30644670327389406;-0.057955321244815845;-0.16937311249559833;0.18069840476181265;-0.020669291239444165;0.14232908978706457;0.598928371706206;-0.7880528128023772;-0.3735022909446931;0.6169340258200977;-0.22625906748398136;-0.2881060695272973;0.09131249362627916;-0.0026343493939728537;-0.14952290119913922;-0.062056931193789786;-0.0016556379274590698;0.19406682218757976;0.8937053136799925;-0.6410663530640616;-0.29683496321131336;0.5730908671021541;-0.20523391765203652;-0.2561236748094857;0.028527723467529072;-0.005886241003239595;-0.1335025252828572;-0.084366945018876;0.0015704947757991274;0.19040798228051536;1.1217711495015235;-0.5125972891295518;-0.16663117467107372;0.4281814775398887;-0.1759825246519143;-0.18895837580129568;0.004162869823103105;-0.037384228254926294;-0.12188013111789758;-0.08896832946829568;-0.015893578933757226;42.081322582576185;33.702463970583274;14.463748903328344;57.645077412425465;13.71447591466016;5.998852505735294;49.12413991054672;43.92555968892232;40.12379243906386;39.20180670147315;57.58436943408048;38.68944185544237;28.655504357820366;65.14251626716629;37.30174642994681;41.884263979462276;23.9928360990046;16.993126855804892;11.013727155450105
0.9910128181055464;0.2224035930930176;-0.11671234843174687;-0.3008668435058027;0.26026718247412006;0.1946210706891915;-0.1830333764519122;0.24187597961504254;0.30601287536692984;-0.1070141683262372;0.22588477038034407;0.17953288404293785;-0.09212054319666015;0.05763146537330019;0.47290391994693165;-0.6473216206013476;0.45415130714892876;0.35979091814347597;-0.1674087454675711;0.2717522461800031;0.06258859423977835;-0.03212037177224829;0.17590378630333536;0.01668062376204935;-0.0023987985412324614;0.002768255308837912;0.8512405948560099;-0.5247683169092163;0.46028333989865583;0.35304567930584724;-0.15320087578560262;0.2868243241433792;-0.09300634232779462;0.026051732616894707;0.13981384216715564;-0.15716870606245217;0.020780213813409904;0.023321027059763678;1.081415413421985;-0.3991117521304192;0.36199889306173083;0.4181047005773367;-0.1575232635026116;0.23884626541539103;-0.10514860845341836;0.013343965556457716;0.10763460175031486;-0.16502540549319797;0.022555614943579286;0.08759006276597373;1.2209811574549205;-0.28384837643875405;0.23588337655439365;0.3255184682413821;-0.1381856826568462;0.19090558545464953;-0.05256502702264608;-0.020273102907878128;0.09273750064216973;-0.11440722851037644;0.0011136099398604746;51.880790171329735;19.62879122492604;12.869706877655606;51.05522189353518;26.648521504586114;9.503524002488017;50.43021360301619;58.38264880154495;30.253986989246826;37.857506533068346;74.40452545884028;33.20016183345056;31.11018997545772;68.7095914463791;36.069126471426834;61.06971507254536;22.526607936659868;11.438414228692423;7.703685579756549;0.9746957501344934;-0.24187880504182;-0.1223172132952435;-0.4051874377945587;-0.2519354852453816;0.18083752580292425;-0.27089576579082375;-0.17638894266371144;0.4048568399853268;-0.1657032630648243;-0.06908927976884785;0.45345902930131554;-0.14789156095264797;-0.014349052397765077;0.2621065468632948;-0.9123542272477753;-0.34539392594609764;0.5939108804779158;-0.23451152206690326;-0.24611221071799075;0.3112363410780526;-0.05738030460839701;-0.17131804280897;0.18798649244840532;-0.020725763899569222;0.14034453421744855;0.6191237228038321;-0.7726507798331734;-0.37964184977936755;0.6349401695044941;-0.22339228772466516;-0.2907118658507376;0.08986396534877471;-0.002889017535601226;-0.15054259434645764;-0.06463792898099317;-0.0010583867031534566;0.19731696259296883;0.9157290538155891;-0.6270942248730554;-0.30207985019849637;0.5901003811754785;-0.20188795696345332;-0.2599332928917489;0.029758704756123407;-0.005362607682555759;-0.13582740007902577;-0.08528425465440977;0.002409535199376288;0.19637515421329144;1.1446563885626369;-0.5002077670953617;-0.16997591626506314;0.4410628637032713;-0.17448044345133068;-0.19299876159584167;0.007584953819658296;-0.03715975288990951;-0.1254985230001831;-0.08861730623890392;-0.015130979023694596;42.252392596012406;33.18927574864768;14.30020873602797;57.07791182216643;13.243165483821361;5.348369372131066;48.462971430555456;44.37944581499329;40.41334099635378;38.967822266833835;57.602072546393984;38.70663279730343;28.718563980849254;64.51981309308566;37.43275060441347;42.52375591147965;24.30903107561216;16.79861560230224;10.711075934960988
0.9915111402407026;0.22269241091339798;-0.12266785360722754;-0.29662689536247;0.26462893437416196;0.1954747083535538;-0.18081155166965607;0.24587214105429667;0.31463656624789305;-0.106653182023017;0.22883007046175224;0.18255560459230338;-0.0920702002644589;0.058627937379759534;0.4678756490563266;-0.6352805111976071;0.45832390643598037;0.3617789317070551;-0.169642913562889;0.2776422011784144;0.06332733341761344;-0.03739025023550595;0.17934137019607033;0.0187924023547898;-0.006445831740268464;0.0019293168965284155;0.8565020777766383;-0.5161399698731092;0.46348196505779726;0.35119577023569;-0.15367070512188494;0.2915679700584458;-0.09352965920537154;0.022660044277960853;0.14303142972563218;-0.15619809515278799;0.017851837813062318;0.02165865038707088;1.0917350313343945;-0.39434690245448106;0.3579608227237651;0.42541974468251015;-0.15755137883100886;0.24026862420708206;-0.10291723239873868;0.012199962608422658;0.10969593917029599;-0.1676247795342312;0.021681063083493473;0.08562688229585362;1.2335440680286665;-0.2828595993097047;0.23492323610886162;0.3268667081968375;-0.13755134996724894;0.19287215298532237;-0.05064896255411592;-0.0200552818385794;0.09534038800124492;-0.11590979675315168;0.0011914502097808834;52.84225755541659;19.94586845169399;13.11703272902847;50.82084335471615;26.34483861037516;8.735424038085283;50.69399491592542;57.65401517043627;29.64504525041332;37.20890498922678;74.54239527870658;33.685537607894844;31.05797936914961;68.30664721502167;36.32301735809526;62.21023128731115;22.910637691771733;11.253618825972422;7.4824604318948165;0.9762470307167228;-0.2534501327631188;-0.11218244873491925;-0.39639620552234534;-0.26411387437296807;0.1956079001174371;-0.2629318926001879;-0.18146894223666826;0.4190640848796955;-0.16071365994231981;-0.0703973309539906;0.4568228574396517;-0.1429993215795251;-0.023263874886330978;0.28676346360714533;-0.8822017288871988;-0.36336018970033;0.6141973638485502;-0.22570131450340347;-0.25250282202615126;0.31764407855116616;-0.05472227187355726;-0.17457197282835626;0.1979560489911895;-0.01996428380981703;0.13848515128069264;0.6523049527756173;-0.7451980350612601;-0.3918796993003681;0.658456613105571;-0.21667188187000866;-0.2958222694057537;0.08940441652963414;-0.0030211217488793156;-0.15251807338004142;-0.0663410076080053;-0.0003106738066849108;0.2019610182040288;0.9538136751025859;-0.6022843373428234;-0.3099628815117264;0.6150115525298131;-0.19483425069388655;-0.2661022742973462;0.03247556512133316;-0.0039719391705393455;-0.13983132320830224;-0.08677061592214405;0.0037653536417874265;0.2035334191781417;1.1854527639443742;-0.4781398599174005;-0.17419048114530536;0.46145317806871977;-0.1708376388966877;-0.19811660410041634;0.010840059866615476;-0.0357783918022238;-0.12993054800989612;-0.09071707589107432;-0.013240176102354048;42.86287990968939;32.34033022637012;14.081109727119541;56.46437386118824;12.50129806202419;4.440814335319507;47.622736319520534;44.52576834971703;40.32543738807978;38.56321926497934;57.45588781167922;38.83667656159636;28.58750630589104;64.30797400412091;38.09285199111216;43.89532795674348;24.961958211798553;16.470334088378124;10.219052791805208
0.9920094623758586;0.22296404660458782;-0.1287442869801634;-0.2922600269900122;0.2690606673766826;0.19632676385219172;-0.1785205200263021;0.2499320539187074;0.3234207949967601;-0.106272734588593;0.23181729449849098;0.18562691113545937;-0.09200893488708513;0.05964059145806465;0.462684515146553;-0.6229009815523397;0.4625416358860246;0.36377319800690955;-0.17190930185078854;0.28363513114546923;0.06407595716281253;-0.042774701120967484;0.18283721438616432;0.020949688091449623;-0.010583219296766743;0.0010713010567662445;0.8617908468976292;-0.5072626425408366;0.4667032619491512;0.3492669035047695;-0.15413476343995153;0.2963873234789624;-0.09405480317548703;0.019189648975583156;0.14630618955848143;-0.15518904116104648;0.01485568852320678;0.01995657484021931;1.1021707077044665;-0.3894329339522144;0.3537938517583803;0.4328541083459551;-0.1575633739569095;0.24169743145669054;-0.10062471724005277;0.011028927582210597;0.11179198313209472;-0.17026480382379525;0.020784532424026666;0.0836104344049911;1.246258422130594;-0.2818185023383831;0.2339165171592863;0.32821052117399263;-0.13688812165447722;0.1948624509197415;-0.04868440981300226;-0.019830428283158757;0.09799169074768921;-0.11743384105623088;0.0012709148414007344;53.81979596074605;20.268452903533674;13.357107810562878;50.575719387503725;26.066136208690672;7.982078472428032;50.972013726852566;56.924457998855864;29.020972694602683;36.551370940546924;74.67806679698934;34.183803988261744;31.001638201661557;67.90244980373514;36.5886494213852;63.38798190714288;23.297315059233863;11.05919228007757;7.25910227743348;0.9777983112989526;-0.2653474789367144;-0.10107109365694537;-0.3861393471801278;-0.2766408304646778;0.21105894260371322;-0.2538391792566742;-0.18654689734191104;0.43344852470226336;-0.1550251201903316;-0.0716559052241333;0.45948913108087963;-0.13745193156583124;-0.03278556018090203;0.3126389057542904;-0.8480095628047238;-0.3818950172355833;0.6347041543272249;-0.21577707825351175;-0.2588407837127929;0.32386571465612085;-0.05175578966910257;-0.1777039598129336;0.20824870187029312;-0.019105572309059224;0.1362027767338207;0.6865750612491809;-0.7141872925785507;-0.40420626875729826;0.6823391422055156;-0.20900965757251203;-0.3006963833014745;0.08872621923901708;-0.0031566840730223892;-0.1543232883713762;-0.06803202031959475;0.0004926159975327303;0.20652862360899613;0.9927239166487408;-0.5744061636363103;-0.31778408571792877;0.6404811229658285;-0.18685939792276568;-0.27217419971287155;0.03532487472200038;-0.0024708844426978537;-0.14384024781089086;-0.08818674128916962;0.005212997395880663;0.21079670114957316;1.2267949699565108;-0.45346184653094035;-0.17835446971798904;0.48238729802387303;-0.16657391090343934;-0.2032007556316191;0.014311901566418036;-0.0342215536025859;-0.13441950160737257;-0.09278351558720138;-0.011183075691587248;43.360359774466495;31.482908502018137;13.87107516277765;55.62795778198517;11.768307631073183;3.6219283932915314;46.67910701955338;44.710249417674845;40.23588124497622;38.12089886417691;57.2995169349694;38.96897424550423;28.44534378420257;64.06018802214913;38.76122692911863;45.36611185450285;25.56985481111351;16.051085549818307;9.686202108566558
0.9924320311731432;0.2251461231910822;-0.12609106082007285;-0.2882731493354795;0.2691972926135804;0.19577078417712399;-0.17599725068163843;0.2501983549864364;0.32208171776263755;-0.10487602396202642;0.23040416411250864;0.18722597400580301;-0.09091931617092795;0.06838749106866114;0.4709060895093334;-0.6114203269910733;0.46015293158226944;0.3550897936639429;-0.1685178191315731;0.2809234897199681;0.06298217106858935;-0.04268912383282966;0.1818853270361231;0.022450686994635514;-0.011331543043704456;0.007805071671833251;0.8674203191952384;-0.49751489495634993;0.46429250344940487;0.33912667434416083;-0.1514178164788362;0.29493614586355243;-0.09141691313237103;0.01664621205217138;0.1481156658423411;-0.14986228941335553;0.012317203494109696;0.024767870120724504;1.1053484021995978;-0.3812967254980882;0.35314440194283475;0.42318307215252693;-0.15566145777333046;0.2421501843831863;-0.09864008489104101;0.008460702771488254;0.1150434950322427;-0.16594770076251134;0.01840495947961308;0.08700589857801407;1.2475293688909728;-0.27497515934717104;0.2339745469218968;0.3272822750853571;-0.13545506991905776;0.19382683969185852;-0.05099606595129738;-0.020071117645454727;0.0989645243972258;-0.11784842021070224;0.0006792870105835038;53.49623160122895;20.137426747551686;12.837235785815016;49.946070782623565;25.610999177865565;7.414245758872057;51.12971117152574;55.77256122245969;28.070761228944882;36.86977127108579;73.53998163084911;33.20519167279477;31.0035490991523;68.47051998486421;35.68294067093008;63.81454004410593;22.996018664629307;10.830457964201479;7.11967053407894;0.9796420610922312;-0.2716644006649673;-0.08580085568875004;-0.37437936299833285;-0.2823115794725629;0.2216284794639188;-0.24763432502917837;-0.1876359105827274;0.43591907891835663;-0.15118718707680234;-0.07377403460598529;0.4539265827250349;-0.1339827964466994;-0.0429770452598848;0.3268821429809621;-0.8313316134813271;-0.38576306768446217;0.6472108097598525;-0.21039117301111987;-0.25847953101879045;0.3240487157175909;-0.048478020970828935;-0.17798802731456484;0.2106870924181538;-0.01697239429881254;0.13143393316717691;0.7001093689067829;-0.7018347332393521;-0.4070684026006621;0.6998884390471628;-0.20365571014864128;-0.3003664945082051;0.08905287435916062;-6.18863971673787e-05;-0.1537587945258208;-0.07013885426732952;0.0032151583004373977;0.20585829050346874;1.0068297512019801;-0.5657061301837925;-0.3197335585106446;0.6604256555865514;-0.18001514150493783;-0.2724946370438232;0.03722659315921641;0.000622136292209251;-0.14348846535411994;-0.08832837823787358;0.007189488492772894;0.21203643067198502;1.2424849699105627;-0.4478846007333105;-0.18236021147560558;0.4961506674614112;-0.16234006610152887;-0.20266222261882075;0.01849292902095786;-0.03305740147576489;-0.1329190401574929;-0.0914732018778782;-0.009942513419308243;42.85371558344992;30.56016562390886;13.518687130311113;54.82319665517627;11.743806379225472;3.535332693421396;46.05032198990794;45.10551663639894;41.046961769421614;37.73034507955406;57.514382998897645;39.44966165306246;28.42595530323095;63.14574874682584;39.88531180771712;45.506520298219506;25.58017525782623;15.759566895345033;9.425113988149551
0.992842664260397;0.22756997367591206;-0.1220632936452241;-0.2843398291312554;0.26860788247740397;0.19496508017644706;-0.17343416280301893;0.24981978946809955;0.3191010645683342;-0.10331557399997711;0.22827103976029237;0.18854405481545916;-0.08966317055655242;0.07825519152754426;0.4810850221515994;-0.6000995876551941;0.4566669454488065;0.34474835755078675;-0.1642384208622751;0.2768159762391133;0.06159777968401838;-0.0417318481688952;0.18020924761812043;0.02382840188267304;-0.011533941475428926;0.015668287453900216;0.8728996837239228;-0.487648076919142;0.4609381637090667;0.3277365252903421;-0.14820064519224999;0.2924586797553766;-0.08829085675275627;0.014273238697053945;0.14964960668313818;-0.14388301303536058;0.009875604623251339;0.0305552462452009;1.1071595650230135;-0.3726719517313767;0.35299917315408696;0.41083596038507103;-0.1534505619908189;0.242403252644277;-0.09670840474893709;0.005696851783989075;0.11842457729419766;-0.16054722484728826;0.015812540738672984;0.09120756022750727;1.2467677196935518;-0.26723932855465776;0.23416127547413726;0.32594948513218275;-0.1338925322330707;0.19229086908371182;-0.053951588884140415;-0.020379588549162178;0.09964506479941744;-0.118063407761337;-1.2447547751103284e-05;52.96177564638418;19.933640587445524;12.198543107309396;49.29332822902604;25.114872628486946;6.87858180128207;51.2984244229999;54.53179398924615;27.045340160166873;37.37209203678666;72.18479169454119;31.959414031941122;31.015803120329746;69.19355919446325;34.59599141478578;64.09814412817569;22.587048518751047;10.601367068332975;6.995365273450155;0.9815318923889008;-0.2771028821218888;-0.06971930619152038;-0.362277621451234;-0.28688662977927726;0.23146909463454945;-0.24186147470596608;-0.18807015504601712;0.43642775712790205;-0.14762716738068446;-0.07605181128231166;0.4469521970575871;-0.13083231164129797;-0.05335983280956991;0.3393024747909742;-0.8174371137817512;-0.38722223516087534;0.6584854362885597;-0.20571817931609623;-0.2570014096986286;0.32322905948668623;-0.04512284632186308;-0.17780080135210244;0.2118383723776081;-0.014610533529768674;0.12621428119182354;0.7103013681213319;-0.6924896545567996;-0.4083791268182329;0.7165225341574548;-0.1986439813900581;-0.2991687335094914;0.08954932572620572;0.0035944794654467777;-0.1527958764827349;-0.07233143466162709;0.006278272757042442;0.2043116725197935;1.0169213302391389;-0.5601285351882642;-0.3207219708063449;0.6796081409930861;-0.1733055131802672;-0.27186120147222304;0.03898563276257222;0.004004189739801206;-0.14240874153690106;-0.08825922695034802;0.009269437962241719;0.2122841712441682;1.2540323580594641;-0.4454412636013782;-0.18637120873330779;0.5088296484297663;-0.1580781947690581;-0.20118443717769258;0.02282469499679978;-0.03194948144052183;-0.13041071555992936;-0.08959104766341448;-0.008828061400578058;42.08154924631234;29.6444852739019;13.130079085769301;54.00562326667755;11.841765099063235;3.5508333891581443;45.46485111022179;45.52094331855203;42.007567395877416;37.35453461600726;57.76354392107548;39.98954430921204;28.43251779920373;62.090412949823744;41.1101075133416;45.39766863856006;25.4929208428511;15.491963173574279;9.208364487930044
0.9932532973476508;0.2299286352160544;-0.11805053415746494;-0.280390357416295;0.2679738909618167;0.19413056190900063;-0.17086276098919312;0.24939816991217761;0.31608883933150816;-0.10175048659948835;0.22611533853080695;0.18981459885571783;-0.08840208014266476;0.08801573754588252;0.49107873163365584;-0.5887730820459606;0.4531284636724769;0.33443960640088577;-0.15996852255930114;0.2726953487244132;0.06021488210871785;-0.04077576618258037;0.17851527051276364;0.02518874899881547;-0.011732289778025493;0.02345482600107893;0.8781648108757713;-0.47778283359365253;0.457529296715698;0.3163920713892236;-0.1449860024581692;0.28994989212350153;-0.08517765070286046;0.011919860286380249;0.15114124197213177;-0.13793297827507892;0.007455064776242464;0.036282638575651414;1.1087471948473926;-0.3640585519716132;0.352789453194967;0.398528017228605;-0.15123177685090028;0.24260872594428143;-0.09477680177266545;0.0029578619967389847;0.12175185360466234;-0.1551674528274269;0.013241488101520264;0.0953527966137691;1.2457806251441492;-0.25952620265547727;0.23430256888174875;0.3245683891475536;-0.13231967244049164;0.19073343274244903;-0.05686932515170998;-0.020681364210692627;0.10030063279335306;-0.1182543536156805;-0.000697691552105063;52.42276744177559;19.729000219787736;11.560272575330682;48.68225815006389;24.606632602883032;6.350221198960222;51.50101835101691;53.266599330815836;25.99437943976995;37.905986864866044;70.81159223518638;30.680418917013714;31.028871572900858;69.91786967193228;33.51413736100921;64.35843061019837;22.180138635578306;10.376916905079428;6.872928154198701;0.9834217236855702;-0.2825625883300667;-0.05337628973263561;-0.3499098805951368;-0.29146751649766356;0.24140844141312198;-0.2359463048503364;-0.1884690076464594;0.43684667661495014;-0.14397972238292206;-0.07834741830386738;0.4397712851671907;-0.12760441673695075;-0.06388944702088842;0.351836882391212;-0.8031474809650225;-0.3886171736593701;0.6697852873068427;-0.20092776039659188;-0.25544325129571194;0.322324632963188;-0.0417062869210653;-0.1775709763738822;0.2129599119748588;-0.012209294830135189;0.12088661380075882;0.7204904583060069;-0.6828469272785712;-0.40961862406146404;0.7332508289837625;-0.19351122917488567;-0.2978857982225203;0.09003335459242975;0.0073059475300863074;-0.15178408745832905;-0.07454137421675326;0.009386818856192634;0.20269574566948104;1.0269399389463696;-0.554340477226962;-0.3216538183286928;0.6989320407120588;-0.16645456350185575;-0.27115732300634954;0.04076285511148387;0.00743705961043979;-0.141280682188027;-0.0881692934668118;0.011379118075131436;0.2124882567825639;1.2654760436058587;-0.4428610172712336;-0.19040188207027767;0.5215887726220716;-0.15371583120345597;-0.19963909421327825;0.02721759226279701;-0.030817481075650133;-0.1278348936604027;-0.08766009294542923;-0.007694596538811317;41.1778693966193;28.74882077234148;12.726518056606716;53.144307356566564;11.951684269901314;3.5647887925320485;44.86275325668855;45.92606738335468;42.974805698118786;36.98182519477;57.98585163606777;40.53388547029204;28.444279474262917;60.99324711924682;42.36656643478959;45.25439013658032;25.396196256132537;15.219550372655483;8.989419440812789
0.9927851656679636;0.2303436836319912;-0.11152047086825405;-0.2803250875910249;0.2684081719892358;0.19982581439664696;-0.17176286120242476;0.24709370530863967;0.3158203759971347;-0.10191325711430416;0.2249508968836345;0.18447735981528593;-0.08833019255448123;0.08945021270827684;0.4894887723882992;-0.6009712314181933;0.4508098065514448;0.3342539028551131;-0.16123496771407062;0.271371407079033;0.06050240803544549;-0.03766094231515503;0.17767846681736602;0.02498042552787845;-0.008642406370639547;0.022754686824406917;0.8713533132264012;-0.49012817482460275;0.45250994032987385;0.32276110040923506;-0.14735744040754473;0.2888039266422345;-0.08442903140944362;0.016335276417665464;0.1498863044553821;-0.1387506859657452;0.011916099856786114;0.03300738425006752;1.100503601758208;-0.37594509821145355;0.349430603767293;0.40916011109398404;-0.15327184926938625;0.24171161515285494;-0.09520738074011172;0.007529278255566363;0.11999723610273044;-0.15915175633751694;0.017783034449377403;0.09016550691585902;1.236415612036314;-0.27084617361280044;0.23304643278551068;0.3283677363172613;-0.13272590183971478;0.19141179939203024;-0.05621813735602686;-0.018510736714099835;0.10109216036948983;-0.12123088485177452;0.0015448788822348353;52.105565542420074;19.23400693653045;12.421959594242796;48.67531570191121;24.873795077795375;6.7248522277908345;50.75796588774469;54.334261918012345;26.45317389506547;37.056972135821965;72.24007117764077;31.61211648242742;30.624074364354044;70.32139491560652;34.26864150700818;62.993320322814036;22.061765626695117;10.49805731648801;6.942556741335161;0.9821753586163354;-0.28251976474470497;-0.0507756881277353;-0.3511761893877882;-0.28913547992539523;0.2420560396680487;-0.2392984188999234;-0.18677437480849915;0.4330164142564739;-0.14665230158743847;-0.07670525818853528;0.4393352956145901;-0.13005922271044057;-0.0631300542090185;0.3450913081109722;-0.8169951555668641;-0.38596500189096833;0.6752732490529977;-0.20289339106193308;-0.2554293110936683;0.31913180099583016;-0.03907871583426027;-0.17700685449518655;0.21089942538461337;-0.01014569514734482;0.12096553777250839;0.7065452815410413;-0.6972525394743991;-0.40474321117177925;0.7476857015397849;-0.19757510692487473;-0.29422084918599095;0.07757631337079458;0.011465836703224779;-0.144570863250796;-0.08723560840217999;0.013168363883941875;0.20102634822804324;1.0102150769136233;-0.568787086548907;-0.3156445415826858;0.7144476435899894;-0.16701246144042267;-0.26649383141658944;0.029329847777108075;0.014790413582774031;-0.1320761145997858;-0.09964376422775417;0.01637528179087246;0.2106876175697317;1.2475400970159884;-0.45755819812406673;-0.1884866771471829;0.531633507563093;-0.15225567538759005;-0.19493151583631319;0.02480446296349718;-0.0267820610786229;-0.11929194963816439;-0.09153528750545589;-0.005204483708365569;40.75988553960964;28.455952402644428;12.895084709255121;53.6953814431921;12.684521450318266;3.605028628691663;45.012307569472426;48.87011961037436;45.85188356610142;36.72297281192951;61.418649684633465;43.247165664460724;28.13146902659286;62.21818235868076;44.9347859109032;44.58419999282781;24.998263955487115;15.34822678442;9.152090596125362
0.9921013082201348;0.2302052811537195;-0.1043742777461647;-0.2811047215835669;0.2690060850212705;0.20700632752832557;-0.17344060315924886;0.2442584805054517;0.3161089519987901;-0.10245882054709013;0.22395460227372105;0.17750064054405354;-0.08851637693777756;0.08882722599486034;0.48492772504103604;-0.6186037421237451;0.44864211789754105;0.3364079418142912;-0.16378159382924737;0.2706381237243281;0.061172550964683006;-0.03402530192924242;0.1769920542757694;0.024384067171671017;-0.004767751062458621;0.019992114425131883;0.8613449843639572;-0.5076269627116614;0.44696826904286;0.3332813998082169;-0.15102034538152626;0.2878939415870877;-0.08422830457969012;0.022364134976361572;0.1479195971450564;-0.1411572793821091;0.01801923132896399;0.0275540504796993;1.0895353590194936;-0.39261223505763226;0.34520370467519246;0.425159349184143;-0.15628115212761742;0.2404677049065657;-0.09617555341779102;0.013847750038199148;0.11697743062107205;-0.1653314507543966;0.024020256427803883;0.08270996886516109;1.2246368550663467;-0.2866303900921267;0.23137682332422843;0.33329007544573186;-0.1335639136653346;0.19256244049303925;-0.05468523239778216;-0.015745098018140776;0.10187753613068212;-0.12482575539834291;0.004485570069641924;51.81818326171696;18.689314643392176;13.67286116823216;48.813586536072634;25.357998041502725;7.322900147790693;49.8223342430314;55.97197015629306;27.27115119420484;35.94913291575494;74.30552383019838;32.99853741075078;30.146251976709276;70.64099955987791;35.42585690166438;61.27271944416948;21.98780700770344;10.695731321943477;7.056734198580014;0.9801590965331012;-0.2809406064339351;-0.05153908019856524;-0.3555131272140394;-0.2849546711116926;0.2402582327716954;-0.2446974320353752;-0.1844679556980059;0.4279138451980166;-0.15072591662418935;-0.07407507287730684;0.4402540829240994;-0.13377418551378148;-0.0595819903747345;0.3335082830568407;-0.8369371909067841;-0.38210315888546886;0.6787927617025433;-0.2063394908543664;-0.25561847487784917;0.3152131873945194;-0.03665923539937536;-0.17624927331080342;0.20795062390763253;-0.008190656753469631;0.12228137772187085;0.6864452674534635;-0.7168264500234239;-0.3981757386026405;0.760819102489828;-0.20368571861322965;-0.2898318061635682;0.06210426700814028;0.015660906078770336;-0.13585941968330822;-0.10222840741316472;0.017044839326766627;0.19923337651683495;0.986535175640314;-0.5875574044326317;-0.30782032542440224;0.7282971161123508;-0.1692573040226738;-0.26075575993850963;0.01483263618154636;0.022973770639007025;-0.12095565605886457;-0.11369169387483549;0.02198547911533992;0.2082822481045425;1.221862519424313;-0.47592859349059063;-0.18502096619370306;0.5404916236014585;-0.15142391345749215;-0.189393695510911;0.020750394851321036;-0.022083645831878825;-0.10934654812152785;-0.09670437192822644;-0.0024192391229663013;40.47889452231605;28.304962445466426;13.201847045093993;54.564127231442235;13.562537871470893;3.6573892828008683;45.40910868116585;52.501820860271344;48.97172675104972;36.59103990639358;65.71819756861117;46.25151222821105;27.82971550480534;64.05136741335373;47.946837223110734;43.820422152941326;24.5034539358264;15.551121081598417;9.402434711448175
0.9914174507723064;0.22997377904490188;-0.09724150162934198;-0.28176322129891523;0.2694892409312661;0.2140457553949267;-0.17503420763231542;0.24134558515003285;0.3162659284412196;-0.10295817937444117;0.22287450268879622;0.17050608832550673;-0.08866488344259357;0.08817278884637186;0.48020409267910635;-0.6358446837972338;0.4463078945283317;0.33840742610356256;-0.16624121079609477;0.26979986973368;0.061812402861640664;-0.03040429198007749;0.1762386175057071;0.023782415633551313;-0.0009215737145025918;0.01724305759930895;0.8510628414301452;-0.5247806369345906;0.44128724461802027;0.34358272138258766;-0.15459269594448613;0.2868733135073502;-0.08399469281124713;0.028336497292237355;0.1459078148334094;-0.1434872199087832;0.024067060954911283;0.022132269608275006;1.0782074784969455;-0.408987846706243;0.3408687633168815;0.4408589908781291;-0.15920288106255118;0.2391351780772785;-0.09709677337857354;0.02011093557906636;0.11393348010882229;-0.1713949705106275;0.030198668244874643;0.07527914095185986;1.212449549852875;-0.3021733767439783;0.22962565986039643;0.3380373953936177;-0.1343406978292706;0.19362526002851213;-0.053141991729261075;-0.01299473660681018;0.10261506180734567;-0.1283413231199299;0.007401332034643932;51.50442195045912;18.167414434218898;14.947324994652003;48.954524762156225;25.867938008932438;7.923484509776386;48.93809118132484;57.59966957040257;28.069319801846127;34.936510164397134;76.31112444390244;34.28202573847631;29.70259178649802;70.95489075544457;36.532805705917056;59.596894700732854;21.88693952423674;10.884647376244672;7.168065958174154;0.9781428344498666;-0.27917144052961845;-0.05225017890988551;-0.35950472863430555;-0.28062384201715734;0.23830533920822686;-0.24981878476651773;-0.1820577957146961;0.4225665256727617;-0.15461611702115882;-0.07143144285963908;0.4408189292565371;-0.13732471445590808;-0.056046830093103205;0.32186043990316204;-0.8559051107017246;-0.3780112690623129;0.6817317429188743;-0.20956977710759955;-0.2556078355162361;0.31111693162770687;-0.03425160909839325;-0.17536863043631498;0.204890650118957;-0.006261686228849646;0.12348134874259226;0.6661499042832877;-0.7355247524972066;-0.39141065037609396;0.7731496836743208;-0.20953844204932018;-0.28529243817335986;0.04684060977859009;0.019774468004004203;-0.12718768275891268;-0.11689431576005208;0.020844017512050523;0.19731680233251636;0.962488310552273;-0.6055648781210551;-0.29988882045086096;0.7413569350218102;-0.1713347531513905;-0.25491207036590996;0.0005640437895906082;0.031003959420843507;-0.10992625724475935;-0.1274195573491455;0.027485872533922324;0.20575645353681815;1.195669994395698;-0.49362865266843575;-0.18147028336002982;0.5487872245534313;-0.1504894185191512;-0.1838018470147282;0.016747485009953114;-0.017446031561603417;-0.09948168280144218;-0.10171346776465619;0.00032175132166588805;40.19645011151577;28.15057411021859;13.503941964856516;55.394637645598316;14.433536683999638;3.715507869677138;45.86613361658541;56.196666772317265;51.741113740203154;36.56634277667175;70.08116760171906;48.86928565266069;27.630103294290702;65.92419348081206;51.06434499724041;43.08906240941205;23.985820337600774;15.725916255490212;9.644943560519646
0.9913576721002184;0.2291604594203869;-0.1008480740134871;-0.28501197359786773;0.270738529594038;0.21223119776085703;-0.1772385350335038;0.24274755661558617;0.3138281532802351;-0.10373874161812496;0.22275994777537733;0.17145574974042377;-0.08920522950247943;0.08660959251879871;0.4701757162826404;-0.6483712201461049;0.4497003928601409;0.3419700703942045;-0.16727993530661153;0.27205438199558146;0.06304227048683814;-0.028190163273700903;0.1779760092992697;0.023817693114921542;0.000967483851514148;0.015131239703247387;0.8444405153479059;-0.535435581208427;0.4452312938943368;0.3445931226174624;-0.1557789385735677;0.2879106238320442;-0.0828715404262802;0.030879358854029256;0.1455923554997694;-0.14425915532830716;0.02585547735749193;0.02015860207491467;1.0756681051866002;-0.4173089878400083;0.34505800623936783;0.4402081089259304;-0.16039978805052005;0.23966032272954543;-0.09763346452254901;0.022034735138842652;0.11303051576656493;-0.1716979689548193;0.03157308111873203;0.07369281631037342;1.2141328693790112;-0.3081777538440283;0.23214698304437673;0.33849885234523813;-0.13587590538581507;0.19429175533847776;-0.055640570170105354;-0.012331243570307576;0.10197578691972106;-0.13033849413529544;0.008140190340423974;51.61700222518724;18.25471736702188;14.415256407941126;49.51005507281812;26.018657422044456;8.136908297704704;49.273426710044895;57.389403281677;28.517473376288432;35.38711547679413;76.14727331956294;34.4383307171901;29.97413414292733;71.38432466929564;36.51023428105655;59.03803600721818;22.26608669043587;11.172999426019388;7.347360851353667;0.9775905808953912;-0.27872224717642546;-0.05477592376943981;-0.3599120199588535;-0.28221415986616455;0.24046990479180003;-0.24953813644238854;-0.18404517556597286;0.42892937064663694;-0.15395690458626599;-0.07015170489266223;0.44309208000236056;-0.136875519156498;-0.05927444549728366;0.3180589709443948;-0.8574307289284214;-0.3760342430572034;0.6847073647268779;-0.21181108671043397;-0.2532382025195139;0.3154941465354186;-0.03673238946616556;-0.17535993425061702;0.21124499907025926;-0.007749563469748329;0.1206997492827792;0.6655838292171542;-0.7364982938253858;-0.393771256101899;0.7758300105755157;-0.21000486268812465;-0.2837593651786313;0.04376820784273122;0.01988379521485362;-0.12693995460114438;-0.11942611453529053;0.020810992133011314;0.19464260594627047;0.9645743996571663;-0.6060889653482778;-0.30444256087190735;0.741418776282422;-0.172675865383198;-0.2527381922215218;-0.004022843099230607;0.030567238562905243;-0.10842072776717643;-0.13129435843508724;0.027520153984478907;0.20373815458544786;1.199747363125462;-0.4935339882465696;-0.18242256739442864;0.5512399574709439;-0.1500372992780012;-0.1843611340431599;0.013539320691161835;-0.016488735181461878;-0.1016363025708693;-0.10481190827106254;0.0008944466550590017;40.722949511115814;28.244036428259893;13.617306429248313;55.35450000186962;13.993850275703505;3.693365778395856;45.84108523938758;56.67494777474438;51.8475382438815;36.614475493377135;70.79066387919008;49.06959527047676;27.551069416177583;66.9552483480735;50.31221042656142;42.92152466241542;24.179656660392638;15.827217323541797;9.684042601904535
0.9914193954817424;0.22820591798403891;-0.10659930227005612;-0.28878961515987844;0.27213438379324517;0.2086418891620123;-0.1795780494633359;0.24499587884477425;0.31082743130207163;-0.10457692349020369;0.22281700834622042;0.17396272426836537;-0.08982285577077205;0.084841807947802;0.4589440443171728;-0.6600873266051167;0.4542265894921135;0.34586011650978493;-0.16804125121005867;0.2749244647912259;0.06439904737413628;-0.0262213446065612;0.18021115206071533;0.02397656959093875;0.0024970445692171616;0.013116098599254528;0.8383890868893205;-0.5449144033170953;0.4510807919575467;0.343769800934116;-0.15650126226130098;0.28934380096266493;-0.08155349983791314;0.03278027189336855;0.14559482700223753;-0.1447250440541939;0.02682989060273933;0.018834136739008134;1.0747408638066782;-0.42412756504075966;0.3509472998583332;0.43631103206701416;-0.16126223194352712;0.24053899491651418;-0.09809455633050118;0.023130871154285935;0.11252747994050266;-0.17086292417131627;0.03202097536404196;0.07322662620655576;1.218468975900163;-0.3123667279439392;0.23552151649066919;0.33810128726023947;-0.13756966473656354;0.19487496973742066;-0.05895969322505407;-0.012067481138385466;0.10105092152120711;-0.13205415667796852;0.008461143909146675;51.80364612278072;18.46046370005101;13.520615814222886;50.16531590528301;26.10037168796687;8.273637558355666;49.84329215198087;56.8259147498587;28.90160026913334;36.117980018291235;75.56346744427586;34.38627603963912;30.382108706076334;71.8338746015356;36.27630573435174;58.67285319549643;22.74051041823502;11.486415949257934;7.542882741480889;0.9773233593095118;-0.278541845419499;-0.0576767141935812;-0.35964883565037015;-0.2849816895773063;0.24346407091737157;-0.24822264765522273;-0.1869117280562162;0.43763822547093667;-0.15241951775136917;-0.06913040117939666;0.4457405543899405;-0.13565537771252056;-0.06384226367279312;0.31576740282831267;-0.8556372929693467;-0.37447376323774545;0.6877540174271601;-0.2138908869456196;-0.2504073831106939;0.3215674386675588;-0.04018273143862172;-0.1755305600959795;0.2194873417533316;-0.009912129576346967;0.1171313049360637;0.6688775989307894;-0.7340865174164125;-0.39794304166552336;0.7767063233070355;-0.20944306975916027;-0.2828137417006112;0.04303768498235765;0.019218825547254438;-0.1283309832272538;-0.11963245577363758;0.020035950727383657;0.19181182862641377;0.971800490774713;-0.6032632851119819;-0.3114709209605965;0.7390047937243295;-0.17389501575634767;-0.2512735031277951;-0.0067692057632854465;0.028487311504269565;-0.10875614494327336;-0.1332972795455781;0.02649656823040194;0.20181428248353542;1.2097964271045578;-0.49001766017336157;-0.184266174017356;0.5526118026763773;-0.14968396924466698;-0.18612829111453538;0.010460641003629787;-0.01623836671297666;-0.10614429086693515;-0.10757062266254172;0.0010513428646070557;41.40788526551784;28.376906560902707;13.702217484242361;55.151789506234785;13.311440313547315;3.6859150892044883;45.71473531389761;56.521623867144015;51.4818313268778;36.67399695684005;70.78867952499898;48.83413697200434;27.486606762631354;67.80914497892314;48.836544855209425;42.86114013194304;24.516899762116566;15.915946179492583;9.683369708620248
0.9914811188632666;0.22720873083070564;-0.11241034091000182;-0.2925774332936267;0.27351198701101204;0.20497863953797832;-0.1819237692963597;0.24724052881232553;0.3077467442949693;-0.10541197441516803;0.22284515534119478;0.17647880587986375;-0.09043647661561198;0.08303999043123082;0.44750680112850216;-0.6718663402506618;0.45875058067542646;0.3497541916570852;-0.1687900027505382;0.2777948925375235;0.06576471148007311;-0.024223706476827946;0.1824510731573757;0.024134299857343788;0.0040459521037427785;0.011073285821018344;0.8321482469395675;-0.5544426728314936;0.4569455285201383;0.34289014502253545;-0.15721205541297215;0.2907569174423245;-0.08020765017161917;0.03470128006355504;0.14557795766640363;-0.14517766992158831;0.027813270538002675;0.01749012501282687;1.0736586892371982;-0.43097743510669023;0.35686566759661875;0.4323057611629239;-0.16211431457566447;0.2413969661821533;-0.09854852814860045;0.024238032110512325;0.11200299939737604;-0.16999440107006708;0.03247037147661303;0.07274469475103473;1.222698742323339;-0.31656803361418534;0.23890812796359223;0.3376536199037153;-0.13926691088934873;0.19543975789389031;-0.0623136744656794;-0.011798719502031473;0.10010071127176519;-0.13377432171093942;0.008785100984774108;51.97717939472757;18.66862985624448;12.617030001103183;50.84063676237862;26.185949809518213;8.409109652167844;50.41639632415623;56.266177153851615;29.287435134929932;36.85544887738414;74.97504441494615;34.333672197397924;30.79131296947916;72.27979654100403;36.04592748602502;58.28786288986321;23.21298700138598;11.80490170981273;7.741309949265134;0.9770561377236322;-0.27835199649562875;-0.060594731470582926;-0.35937325579213564;-0.2877588278730679;0.2464705579005608;-0.24689120087341074;-0.18979144714122115;0.4463909475187989;-0.15086756835404058;-0.06810037707296014;0.44839308745655393;-0.13442324268230949;-0.06843800962225144;0.31345149866731714;-0.8538067456332709;-0.37289197775199473;0.6908001436197467;-0.21597791614340148;-0.24755064730851406;0.3276708364316682;-0.043654407626097846;-0.175697088812521;0.22777698226706547;-0.012088520727703169;0.11353608496033522;0.672173015956475;-0.7316372010989161;-0.4021302505605252;0.7775652986505288;-0.20887139097370247;-0.28185354812714297;0.04230111486511118;0.018548943749790592;-0.1297272839475267;-0.11983659256660083;0.019255254278765656;0.188956874768635;0.9790449100343414;-0.6004012464749395;-0.3185359220298583;0.7365531108404093;-0.17511696333505689;-0.24979179134247464;-0.009533298365458869;0.02639295894834078;-0.10909052330122164;-0.13530932033492882;0.025465512893985076;0.1998718580427065;1.2198751847063563;-0.48646382651286835;-0.18611634699975266;0.5539761987094077;-0.14932388852540782;-0.18790146012664005;0.0073615501737712054;-0.01598588151440541;-0.11067856045027824;-0.11034415505084229;0.0012092322316014836;42.093628949106716;28.50011836187236;13.794672594853377;54.95214862486457;12.642476158573619;3.7060121463213993;45.58707453194349;56.36948712591214;51.11582104118614;36.7433779635424;70.79239545532683;48.58019573831353;27.42502965389189;68.65342669562544;47.40017083364263;42.80180296278951;24.857026406932377;16.003056152399832;9.6814878531773
0.9917569895432043;0.2266379340952703;-0.11068317427045662;-0.2931954347539021;0.2727079949885178;0.20444404395521013;-0.18177674198621221;0.24706145441953636;0.3044182162951783;-0.10469200168790561;0.22168424816120827;0.17728469928293336;-0.08967726459881688;0.08517745648663272;0.44875241884510775;-0.6734875862770181;0.4567262845621458;0.3464785890841212;-0.16765592398735502;0.27563710386669027;0.06516511168897098;-0.02315921853868167;0.181500827522194;0.02540264129149233;0.004648016358384899;0.012891491733851802;0.831633242285457;-0.5551756116461298;0.4544695112053491;0.3444148758280098;-0.15645744046079138;0.28795496821744004;-0.08246744534614932;0.0357774227168557;0.14380140035467825;-0.14630113751488016;0.028816645750972075;0.01931029026094261;1.0712186143033775;-0.43060109623978016;0.3551982925244906;0.4318986628410027;-0.16095182159450366;0.23875765423139111;-0.10155967749585837;0.02522247967551017;0.11044901755492204;-0.1706734782249098;0.03312061148988405;0.0745397979496614;1.2178023164017941;-0.31513325530918596;0.23793223350929515;0.331662133146737;-0.1383663205037581;0.19415247195681323;-0.06186828030616363;-0.01136507877857451;0.09972674081949923;-0.13168578284344626;0.009175174237464232;51.75759480333494;18.507580440612905;12.073611018848986;50.78498034768128;26.15957845073848;8.120773281985981;50.118459196510315;57.10838318109892;29.284356050188272;36.68568346247512;75.92770270550696;33.952076307378356;31.060350388777703;71.95420837091615;35.742365904053706;57.931760876073035;23.1578153185558;11.82791785388987;7.775079669657104;0.978137780065169;-0.2742457258890219;-0.05996996999923457;-0.3582133686798981;-0.28409849680635735;0.24341277782245613;-0.24640944312738616;-0.19018664520788323;0.44418270906821355;-0.15067999278592178;-0.06732595768708317;0.4446838864580947;-0.134420023629488;-0.06767274584675789;0.3146631076861033;-0.8538016578927937;-0.37224016947531025;0.6890119044363145;-0.21584944264268713;-0.24605280114936398;0.3215146758888776;-0.04324999143834251;-0.17475435479995632;0.22296911697369917;-0.011807185824228975;0.1134166795600286;0.6718370939806134;-0.7319641903462643;-0.3997256687667125;0.7734616205541969;-0.21011742240629122;-0.2825613484574112;0.040364772441686424;0.01809852261534352;-0.13135864842753378;-0.11906164908995519;0.01930467036259315;0.18786735637689853;0.9768954606939038;-0.60077836616833;-0.31366875372621983;0.7358891212902693;-0.17553978426878097;-0.24883974255640914;-0.010442788628287234;0.026101501962852897;-0.11032500266126162;-0.13454117801740337;0.02539374274271419;0.19827288310384028;1.2167618472935724;-0.48671353219558733;-0.186084314182688;0.5496246049126687;-0.1492497080356939;-0.18661099660620414;0.004556628526268477;-0.016032093249798974;-0.1097148219717889;-0.11094489277579801;0.0011927520254991681;41.96934336422643;28.488431346882845;13.948051303581487;54.89196686207164;12.864622402974296;3.7690912714514755;45.46949755256602;56.772426225180496;50.182538201075396;36.46625200330881;71.29073395853978;47.899695348648976;27.483279893998773;69.33084851067092;46.968605248849244;42.629273953157956;24.743734186534347;15.954139537010372;9.694883187615135
0.9920957607391708;0.22620456034162975;-0.10679346509573534;-0.2928824215252992;0.2712866621016767;0.2048330000279494;-0.18090858572950802;0.2461827372991261;0.3010822843468761;-0.10353359718724654;0.22020101657688115;0.1775798518895289;-0.08853322310995812;0.08842409563790754;0.4536746597025087;-0.6721287215622765;0.45283743380445807;0.3411790646160477;-0.16599630129056156;0.2720577429978521;0.06400490341692908;-0.022386335420757037;0.17964105751037432;0.02697149554027184;0.004963311295193466;0.01580105383635666;0.8328055196753625;-0.5533401242417813;0.4496151257426555;0.3466161232115857;-0.15529176090094501;0.283980255664734;-0.08573696009823584;0.036588177826508236;0.14154666458948675;-0.1476011601680984;0.029807783883368293;0.022018891292765668;1.0684408482645482;-0.42813219336224817;0.3513564078058306;0.43255229713882126;-0.15922585225535382;0.23515105765023273;-0.10526161438914716;0.02615342831402417;0.10862504180067055;-0.17179292675182029;0.033817820814886546;0.07696607933057682;1.2103524588738206;-0.3120870705709223;0.23570651584394595;0.3241699283729121;-0.13672729209468482;0.19235173393969895;-0.06032520340416928;-0.01089151075808684;0.09952868230873826;-0.12852784512351134;0.009577458471517633;51.42751207170421;18.242715129035226;11.640009293082983;50.52080230818001;26.100569496773478;7.733752651861036;49.569967747035214;58.35999257109283;29.15821115930525;36.252742553949126;77.32719152726207;33.46817393803184;31.294650164140446;71.39794114077293;35.41062895466188;57.58769419061438;22.952678905370462;11.764609204193818;7.760601938809307;0.9796156180987152;-0.26906574267109995;-0.05832539737969739;-0.35681519312625365;-0.2786248025172883;0.2386406288822568;-0.24618258494575315;-0.1898539164888383;0.4388240377336689;-0.15089214580365218;-0.06663802685539032;0.4391843777320612;-0.1347742592782435;-0.06536143077255278;0.3168815921029901;-0.8543286930551245;-0.3718694691837915;0.6858477259263754;-0.21507944426793246;-0.24497369931533128;0.3118920407184141;-0.04172542365904739;-0.17350424229812444;0.21443002979974615;-0.010815954074774406;0.11430953726790113;0.6704521882881868;-0.7330942592253605;-0.39544348312105454;0.7679809906616675;-0.21187267639466714;-0.2837433825249628;0.03811001243174723;0.01771894399680569;-0.13303310945257787;-0.11801444754436395;0.019594610976148626;0.18730826707199946;0.9720510505621638;-0.6020920756526514;-0.3054101380111191;0.7357563516179177;-0.17572406023251613;-0.24805692343126665;-0.010799091007827843;0.026338626649244645;-0.11180201839381866;-0.13297723100722725;0.025601940897160645;0.19679902172853983;1.2098651016678736;-0.48806564573415195;-0.18550606817767074;0.5436805871430472;-0.1492600398214931;-0.18445058780377657;0.0018809729300125482;-0.016164424579718777;-0.10716838561871787;-0.11090495732513478;0.0011258527289662913;41.60176747104939;28.445292947103663;14.118299534491333;54.87363818185764;13.369179920203793;3.850434427297389;45.35400031717896;57.328708158096575;49.10517689057068;36.09243470488544;71.92827136433192;47.106588925096965;27.57606536453675;69.9649398340033;46.82416537710389;42.41948929221856;24.50062658377414;15.865977793493078;9.7124314378679
0.992434531935137;0.2257760743943063;-0.10297235153114058;-0.29257127393566523;0.26988740899725266;0.20521232649574953;-0.18005372043920068;0.24531666204589642;0.2978024891285989;-0.10239469928040063;0.21874163489575119;0.17786741256175448;-0.0874086226747723;0.09161119734160802;0.45850252713275547;-0.6707856603094293;0.44901271498139456;0.3359704827071445;-0.16436439821037815;0.2685392707743244;0.06286474230804823;-0.02162706721839919;0.1778124319836058;0.028511782411069025;0.005272870881158598;0.01865807539481244;0.8339460047211001;-0.5515305407974034;0.44484228174904394;0.3487733187974198;-0.15414505347212604;0.2800733901157515;-0.08894656045654421;0.03738387868633875;0.13933066766966115;-0.14887590056871375;0.030780710180940078;0.024678486756464245;1.0656993145867044;-0.4257021978610679;0.3475791146844155;0.43318861355362737;-0.15752888301233964;0.23160631405076504;-0.10889560746528243;0.02706729478604214;0.10683247953943106;-0.17289003023361812;0.03450205397209972;0.07934772721061327;1.203021051443314;-0.30909166910598;0.23351780466304972;0.316808326906261;-0.13511598909007513;0.19058091514570003;-0.05880910803679021;-0.010426321310592008;0.09933290709492891;-0.1254250604666515;0.009972383271782464;51.100373509263655;17.98361592094646;11.20911068074864;50.26726736670681;26.042624514887947;7.37985193056322;49.02804785279964;59.60926667135364;29.022716890822913;35.82480567448422;78.71846519358645;32.978628987966474;31.536557411021874;70.83624869322274;35.07213042262854;57.24388565768128;22.752528508477848;11.702798083250395;7.746833015031841;0.9810934561322616;-0.2639684566747905;-0.056707185554224625;-0.3554382319394239;-0.2732385166746081;0.23394470218628238;-0.2459584353025001;-0.18952582738339518;0.43355029113031107;-0.15110028105116716;-0.0659609582768086;0.4337720692702845;-0.13512224288193475;-0.06308722839492042;0.31906297543993495;-0.8548438791716081;-0.3715033132789638;0.682732031103907;-0.21432105662703718;-0.24391108906639514;0.30242376086932693;-0.0402253412117352;-0.17227366457313611;0.20602815978633587;-0.009840705563333938;0.11518751468487737;0.6690870605216813;-0.7342032020518413;-0.3912289875258851;0.7625859748508101;-0.2135987275178759;-0.2849052010477268;0.03589155695450173;0.017345433044884444;-0.1346799809558937;-0.11698371647098993;0.01987978774198907;0.18675748690019017;0.9672811736211797;-0.6033822005164481;-0.2972838505856063;0.735622862001231;-0.1759046723748914;-0.24728579383708185;-0.011149590926778254;0.026571815095915625;-0.1132547194437452;-0.13143805046839638;0.025806673341062465;0.19534822175337052;1.2030751431100701;-0.4893939980067936;-0.18493644803589987;0.5378305489656969;-0.14926962306645727;-0.18232438801399622;-0.0007514323128593169;-0.016294553516009915;-0.10466270032271378;-0.11086523543917415;0.0010600306160648161;41.22825675913156;28.40972251370196;14.288773157911827;54.85689535664717;13.89998964402348;3.944385709537982;45.2372869014685;57.87453944755427;48.052612033942665;35.726409742472185;72.5601250404394;46.32402166852668;27.668690619609716;70.60316645065261;46.678470980469136;42.205538786948274;24.261798271360178;15.77829001425099;9.72937213792331
0.991933471460508;0.22812773721355056;-0.10029611361269003;-0.30269849168998886;0.2661863407066348;0.2032118061262177;-0.18712239192243194;0.24181751244885044;0.293780260972797;-0.10442567114604787;0.2171361496073631;0.18285185113832708;-0.08877683054856024;0.09725683332964334;0.44246708197634;-0.7104463993262528;0.44293031165419894;0.33385258402190104;-0.16420773557088675;0.26424583569051147;0.06640754401516663;-0.012406719004284418;0.17586193672227063;0.028620233126917322;0.01257941210285754;0.01997986525629057;0.8107976967798735;-0.584985384330919;0.43693306433431706;0.35175087611325606;-0.1586083014289739;0.2790404932379685;-0.07691598695985323;0.04344321772971403;0.14121613452831847;-0.14534725363040626;0.035494091612603765;0.02258707815676583;1.0472653200413538;-0.45133843467304585;0.3431378033437484;0.4278244757396428;-0.1619097604686258;0.2327596057072911;-0.10061731772132673;0.029270917317677607;0.10915446528607867;-0.16698487544758964;0.03644206737282273;0.0746708430309573;1.1903321133992444;-0.32674112089760926;0.22954933491558055;0.3198622776873491;-0.13633566493070617;0.1883148238131191;-0.061404314631004375;-0.008930250528941776;0.0991463526471455;-0.13314265116179194;0.010416519310455768;49.84932266234093;18.423020027140687;10.217770842688367;50.890328398570624;26.454381883893948;8.233296520644897;48.4399052793286;58.95948974351449;30.043531388102032;35.819810720554294;77.30290764409992;33.28262407880144;30.82870736188153;72.52699045582905;35.7842964544292;54.283417205330835;22.881302360220047;12.493207561174419;8.291435449803881;0.9815613885298844;-0.2674045215387406;-0.05074072250155575;-0.3520161298536194;-0.27435926268333916;0.23789732737395483;-0.24447130420601265;-0.18820940354949306;0.4333316815185767;-0.1506625377741988;-0.0660994628551775;0.4337696906938581;-0.1345002525238963;-0.06385900180057899;0.3240340200803457;-0.8492436809274909;-0.37250116763295726;0.6882162889072365;-0.21150761184058772;-0.24592325557784064;0.3040904938494293;-0.037518468678040304;-0.1727377141079618;0.2050180713222023;-0.008096964974151612;0.1168551317912237;0.6730169389008671;-0.7303376466584223;-0.392089618390056;0.7676479459109534;-0.2123573891850608;-0.2850641376791867;0.038054327625567604;0.018249690983497695;-0.13321373789594648;-0.1187608329457867;0.02114240523592652;0.19001992092504982;0.9696868728861345;-0.6010026554946549;-0.29600822586926123;0.7415316030294471;-0.17327225290430712;-0.24742553268016904;-0.007633587838474304;0.02888711346458359;-0.11244582450626163;-0.13129979482443838;0.02749192679407551;0.19882192693546713;1.2042578137804965;-0.4885468465156327;-0.18310296508792515;0.5378265582440424;-0.14784141841000978;-0.17929652065741572;0.005641118250330568;-0.01567491292022603;-0.1012816634292185;-0.10590504305886025;0.0018786276637690299;40.8461144843763;28.061668356214422;14.14851618838101;54.74023122558856;14.150352566676931;3.922305739476114;45.166271763060536;57.592313593909395;49.198020797995824;35.74244344469949;72.10281402407907;47.23896486528281;27.676480265235412;68.82719745964764;48.36520328198314;42.36400385922196;24.241963694472634;15.63475154046221;9.61667977076815
0.9912891004128358;0.2304415371169879;-0.09762762719054642;-0.3138314241856593;0.261580369935327;0.20040826137855286;-0.19505010323060049;0.2374072260242113;0.28905876834397093;-0.10674634832978659;0.21506727392979527;0.18818673965336663;-0.09036121615601517;0.10305212783336497;0.4221835052816556;-0.7550622308435351;0.43560383691066895;0.3315719867296631;-0.16395464737606455;0.25931234430688266;0.07055706127960358;-0.0018410133664392596;0.17354208367426913;0.028428637162995308;0.020953837889751543;0.020990260097730508;0.7821290280046586;-0.6227628702271175;0.4276640747109408;0.3540980655013663;-0.16363044618379707;0.277912712137361;-0.06230171882094483;0.05022900794093779;0.14347112715885074;-0.140747775851296;0.040709917007626224;0.01967645166618814;1.0242025336436054;-0.4804547774677887;0.33791106761436007;0.4206160658908771;-0.16692153039245788;0.2341974598588909;-0.09022331007565672;0.031606268992934235;0.11191097668077898;-0.15962046189541132;0.03849575907969273;0.06870646041049211;1.174381528553987;-0.34697361643999536;0.22484257721965734;0.3239533024933851;-0.1377297590386603;0.1855941274624875;-0.06453084963525911;-0.007258461821607429;0.09875538546489923;-0.1423093665301449;0.010842566256231213;48.46185920305848;18.98441541179016;9.161066205036189;51.68396752919867;27.15233394184875;9.302031181057972;47.93204977868147;58.055394459733655;31.277926478589094;35.89808375521067;75.44084863580267;33.68026879534059;29.996290053741784;74.589843261315;36.49822494300987;51.12223062317384;22.889974017454264;13.39599301507704;8.943640649780308;0.9818569885894072;-0.2723351407528248;-0.04394676577076541;-0.3481814450169658;-0.27659603827844254;0.2433725971741005;-0.2427366673889131;-0.18669735973627646;0.43395519334839733;-0.15010144338945844;-0.06637637116516479;0.4346730598052287;-0.13369769106461538;-0.06515951004294906;0.3295352128544804;-0.8424821296962323;-0.37372895206001583;0.6952151409064387;-0.2082945950919914;-0.24847764658790195;0.3076711496373427;-0.03456656118906824;-0.17349012528878444;0.20524955299860284;-0.006197634402252324;0.11867520950871349;0.6778754914384764;-0.7255349838258023;-0.3938123662828461;0.7745328600076289;-0.21058174450454223;-0.28504062054036255;0.04099440006799979;0.0193840420509386;-0.13118881199930263;-0.12103711691156498;0.022588477160355377;0.19397049539416794;0.9733086935500642;-0.5979353904956332;-0.2958738155564819;0.7485206680324638;-0.1701147882667416;-0.24771170829513414;-0.003407840846379826;0.031588843522345235;-0.11123383350969131;-0.13139334572000694;0.029452171352371544;0.2031763813604353;1.2067656073628519;-0.4872936169196577;-0.18101991624438457;0.5387981540906317;-0.14614101861985646;-0.17606497318277142;0.013664541819638063;-0.014917840272340674;-0.09770020763870675;-0.10003062927022434;0.002859600320030722;40.44708973479449;27.66849024166744;13.953071825506688;54.596184238836436;14.347624767146796;3.890686172003101;45.10021459544535;57.16403611766975;50.7295201051;35.82230197469002;71.4481541036763;48.44835034467355;27.669187192458534;66.53584472795738;50.42086811974487;42.593828527749395;24.25768609816339;15.479719637020409;9.480671800491903
0.9906447293651636;0.2322110980699682;-0.09478953842957114;-0.32408980489348416;0.25647746604934657;0.1972118752845188;-0.20241741944349537;0.23254977148242575;0.2837819865950551;-0.10879405287071499;0.21256112011073858;0.19301961461090827;-0.09172088004873953;0.10852449701714115;0.4013125981974183;-0.7972760036339288;0.4274440871261898;0.32860204330035897;-0.16334607953688424;0.25389236831054024;0.07448244522146538;0.008552188271314008;0.17088025032798398;0.02817787154352027;0.029142363126937087;0.021937720574589627;0.7522234329649728;-0.6585428181328697;0.4176116871114197;0.3556291616303006;-0.1682096783499199;0.27619404825097355;-0.04779495454468352;0.056791213924808376;0.14537367229787793;-0.13591635729287502;0.04574927524609401;0.016771289854741675;0.9992780544285798;-0.5080305189264657;0.3320303053405662;0.4126052906865645;-0.17148334060285936;0.23509747098555564;-0.07980503106164491;0.033833256503257296;0.1143759021061082;-0.15202890130958424;0.040430677691435636;0.06269099843636677;1.1561209272306816;-0.3661068026211198;0.21972117139282707;0.32726523231777577;-0.13879838674911651;0.18251170693439323;-0.06746356561195714;-0.005598682433664061;0.0981542864732799;-0.15101069480814885;0.011237706292263816;47.09894433437795;19.545286821277077;8.139909641027261;52.48175894009649;28.063371341449173;10.370298583415341;47.521541183334335;57.238891556712176;32.517759666783284;35.98787780372055;73.62275728727306;34.02726111316554;29.20828629222628;76.63796725021471;37.04183112993479;48.21124737281205;22.73401623148928;14.255375601651938;9.604465329702373;0.9821525886489298;-0.27731572613264105;-0.037062598131743056;-0.3442793639180783;-0.2788476817206042;0.24890636143548966;-0.2409672000857008;-0.18515622337488066;0.4345646648721407;-0.1495254346932854;-0.06665348255709906;0.4355659757561675;-0.13287792457720846;-0.06647353744342449;0.33509084500904723;-0.8355900947502499;-0.37495358965181047;0.7022691900887055;-0.20502936020668103;-0.25105245096250045;0.3112824909316379;-0.031574669505350005;-0.1742434382034151;0.20547357273944847;-0.004273394556600575;0.12051280692470787;0.6827624111356956;-0.7206331613985715;-0.39553735293961073;0.781467454028124;-0.20877237692475842;-0.28500227356062935;0.043970452962926336;0.02053209345630762;-0.12913098115882463;-0.12333670739473744;0.024052122440756017;0.19796233930499976;0.976927812648727;-0.5947979389943217;-0.2957225874577304;0.7555620871057857;-0.16690777040539273;-0.24798896635735374;0.0008727968184877852;0.03432394715620487;-0.11000048072492918;-0.13148141230977065;0.031436297256611755;0.20757686573892256;1.209244377733624;-0.48599932800070506;-0.1789006705194523;0.5397548741190541;-0.14441115406006355;-0.17278261000966633;0.021791160224250497;-0.014150204486785663;-0.09406739874271021;-0.09407505329284101;0.003853129362282174;40.031286810913514;27.285384231432044;13.755291427743698;54.440853104673494;14.542010706199667;3.8715352820191287;45.03095585900328;56.729609455417496;52.27476530411445;35.90147404737642;70.78107821397435;49.66288962469523;27.661211455001926;64.13694175112869;52.52435051381439;42.831404170373325;24.27184894820239;15.322631320857184;9.343303138351436
0.9917515896869356;0.23689318168217288;-0.08982044535200626;-0.31119254105843286;0.2632779642027692;0.20763797338755077;-0.1950381841213218;0.2370806620379772;0.2962316250231505;-0.10533145040414549;0.21200896812748737;0.19608927378428698;-0.08875563037015055;0.11665892311084751;0.4188290466555734;-0.7655397881587991;0.43546284234774907;0.3339921093865986;-0.15907731326873664;0.2558779152066244;0.07403597636225626;0.005900797702576308;0.17158467224190338;0.03043304398472354;0.026439460905443832;0.023593763300586323;0.7742918730592462;-0.6323886697654537;0.42072502025915764;0.36555140571409106;-0.16367955711284063;0.27802666122341413;-0.042888944990338976;0.05270965436797;0.14872539779400643;-0.128941989309028;0.04249805558128144;0.01336553247290034;1.0212182681366775;-0.4873789107440816;0.33403210903110453;0.42395403217081595;-0.16796539920142303;0.235216542083688;-0.07591950953771195;0.03127196235057833;0.11555664245251164;-0.15277172280070414;0.038970462965498116;0.05659340223265755;1.177422061147405;-0.3500755053966474;0.22411327708903053;0.3338370214190702;-0.1365841854906921;0.18089494046874804;-0.0669408289843055;-0.005697705141205086;0.09652519074344251;-0.14938092747565226;0.011649575654303048;47.87242318563235;18.944911070285702;8.366224951572914;51.5995508243806;27.356535862624355;9.527788489896274;46.95738494517661;56.12539823353276;31.542433404975554;35.72985882105877;73.01840860220398;34.784138129327275;29.70370047648269;76.61330993122577;37.203305374534004;49.753750802245186;22.87172406499261;13.741035612489236;9.16261183001161;0.9784475692200356;-0.28681185313324786;-0.024922350861987255;-0.33235176389872106;-0.2840882892375358;0.2609679366412859;-0.24015269992423585;-0.19015000131287982;0.4435048283925361;-0.15173667235301935;-0.06323510251298509;0.43838309997802555;-0.13654959845475861;-0.08616901426480524;0.3323230838714294;-0.8376038805991124;-0.37549565989893513;0.7332079617516439;-0.2126882714576472;-0.25060747192136246;0.3298239038637145;-0.035375917339142256;-0.17460777041843853;0.21595588202384813;-0.0031936273807125063;0.11430234562608886;0.6760005772265357;-0.7279822754530256;-0.39884094222583283;0.8112553074276501;-0.21076481142920528;-0.28542570534548284;0.06696148968904575;0.025179919759732623;-0.1293936529654717;-0.12368994921163926;0.029730809627948433;0.20517870390662596;0.9691390277706485;-0.6062799328393459;-0.29989537846415104;0.7852039019687196;-0.16909468755091886;-0.2517080831180349;0.023471377557888525;0.039555178270343404;-0.11235986673094397;-0.1313033781488863;0.03873460183935121;0.22534355709638967;1.2059623152731183;-0.5001825592181862;-0.17390700658062247;0.5808239645603517;-0.14260470898074956;-0.17991031457747042;0.04106270486657366;-0.007415383792360242;-0.10474162711555676;-0.09560423043081549;0.011544273077387207;39.2207227926612;26.223610633281865;14.320662050342115;53.8636110739207;13.825490186521572;4.561560833494686;45.00975429633597;53.39921787644975;56.59212762899478;36.35402206141103;66.57114815724047;53.850181262858236;27.404485904257623;60.756339135361294;55.63489209295253;42.21165180285649;24.372014297836955;15.357379607597949;9.36646402498507
0.9931328796493396;0.2417133603599687;-0.08419749343128816;-0.2936420976767082;0.2716565646363288;0.220126245726945;-0.1847253404630348;0.24277566837853684;0.31128262397686635;-0.1006898746107114;0.211342029731524;0.19858604999464835;-0.08484624265075769;0.12522208841461493;0.44214174335813894;-0.7196528708034456;0.44544158557902525;0.34021952496568375;-0.15379719726613628;0.25860344011981823;0.07273781541062824;0.0010866518536091464;0.17251291720557485;0.03309214837306318;0.021875302593713297;0.02536391291597128;0.803760466680976;-0.5944121332227084;0.42520820860940056;0.3763834558567842;-0.1572544997451491;0.27993863920498047;-0.03928884231819819;0.04671633370223324;0.1521151382877406;-0.12117930577314895;0.037752906213978386;0.009757646568432482;1.0492641476256408;-0.4575230233780902;0.3366990921322784;0.4378857560244413;-0.16273680855087375;0.234759686795022;-0.07281665141027217;0.027815438241759086;0.11634294915493437;-0.1545665606308529;0.03685308606607858;0.05020030590483795;1.2033462514882867;-0.32731562906911843;0.2297105677895094;0.34046825418142596;-0.13352048243869996;0.1791156552190117;-0.06572381354639772;-0.006068440147669551;0.09449955281045912;-0.14577170041160306;0.012053254440821727;48.84595581594484;18.167610275589237;8.747907592050161;50.318551460537925;26.469425227245807;8.400121503473107;46.341630664180435;54.973406229466676;30.101348249137807;35.417021377675944;72.5849931621957;35.63539021472048;30.393081913829032;76.26191055731405;37.32535554919999;52.090454886096325;22.940861421905293;12.959115426512556;8.535405903128838;0.9741156260232904;-0.29742348003364805;-0.011358788969426742;-0.3184881536952713;-0.2900000729738429;0.2745990557351919;-0.2394084239448789;-0.19640935570866033;0.4541325084054955;-0.15447648532419841;-0.059038109574747935;0.4415532203659007;-0.14110071017220613;-0.1097747542012681;0.327984928001922;-0.841003410331061;-0.37587033668067044;0.7693388200319842;-0.222453773398275;-0.24959064339643636;0.35160178809043763;-0.040464032783670535;-0.17488752278319636;0.22856195928282377;-0.0022037893757730813;0.10645704268204553;0.6668656669967282;-0.7375344603775487;-0.40247080493505105;0.8459962764455233;-0.2134310623985203;-0.28588440390807485;0.09428593358438228;0.030611059723689424;-0.13002426524381303;-0.12371157954137964;0.036356692271555524;0.213211272930423;0.9589086281353602;-0.6205690884320761;-0.30490819713039163;0.8197559412833241;-0.1722360262717683;-0.25611111698018196;0.05011442371304412;0.04542731575154747;-0.11539590327430517;-0.13104563349989132;0.04723312011707322;0.24607532827389278;1.2013256488715973;-0.5174594042672014;-0.16817568781521747;0.6302567458991908;-0.14067373275715522;-0.18904254330068004;0.06303939941634087;0.0006117371631139102;-0.11824059520056666;-0.09841893013259184;0.020687689502466616;38.26002498738309;25.05628861642257;15.043670552677606;53.308632775730054;12.997916670888063;5.3318542238295725;45.05861132346117;49.636636758316804;61.28594431513026;36.931409313170484;61.86500176669825;58.36424826371773;27.39666241659358;57.506169588426495;58.50339656349842;41.52458634655;24.52515682501925;15.46575215836615;9.441526144476564
0.9945141696117435;0.2460723521399616;-0.07823368418534428;-0.2749537362089437;0.27958993016640554;0.23239438770906065;-0.17371461441360606;0.24802852840553044;0.3259579510614478;-0.09569207727361297;0.21015138084916288;0.20066781064360426;-0.08063673035458475;0.13369603726101134;0.4649685820050755;-0.6709062202992299;0.4545974759000423;0.3457840547451055;-0.14801763579574492;0.2607755446284233;0.07123303548821222;-0.003848912631674664;0.17305001531618278;0.03573745217722249;0.017145999496574985;0.027116871883552628;0.8320271902983587;-0.5540716829648217;0.42878147969547653;0.38657946153582706;-0.15029344235984704;0.2812259113834745;-0.03550559227094364;0.04046297530321849;0.15522343786655576;-0.11293419590414987;0.03280003680213166;0.006037300255673524;1.0754838016853128;-0.4258321887836561;0.33862376942177785;0.45111031945452806;-0.15698858771702878;0.23372810006353426;-0.06946244614345208;0.024206847994130285;0.1168694219243082;-0.15603471244938497;0.034595000822362734;0.043528943569662866;1.2270220353838266;-0.3032084474205889;0.2348946586992703;0.34644597014862505;-0.1300607007804795;0.17686255522722985;-0.0643190163631115;-0.00643375957781853;0.09219711091568998;-0.14172352684503667;0.012437966283681571;49.659676189048675;17.40784509799249;9.083049527572433;48.894811198048465;25.691389167391673;7.308777436579397;45.713731757552274;53.844292915990124;28.529352800399845;35.10751849309275;72.13551467649351;36.514519756121516;31.07812824165614;75.90659589955723;37.4552176489735;54.541707393268005;22.85387813658032;12.123289783214684;7.89809771851171;0.969783682826545;-0.3084970842436597;0.0028949037881662613;-0.3038410458239325;-0.29613759108535476;0.2888509528857533;-0.2385655078542164;-0.20293587391332693;0.4651830969173172;-0.15731580543250406;-0.054613437826236566;0.4447715901952672;-0.14584650822726852;-0.13454861491485753;0.3233434943371182;-0.844361153822185;-0.37616833924100934;0.8071045652103116;-0.23265746076220484;-0.24845877367911418;0.3743936345116696;-0.04579965540070272;-0.1751369410833011;0.24174859402987856;-0.0011632372872364396;0.0981871399070975;0.6570981918905824;-0.7473829351617493;-0.40618215777201083;0.8822822000993031;-0.21617808941368688;-0.28629358674711547;0.12297085984471365;0.036309594830430475;-0.1306537384926007;-0.1237028214442437;0.04330904315964091;0.2215965751398334;0.947915832787543;-0.6354243147404247;-0.31009740721582896;0.8558500406449088;-0.17549269690720892;-0.2606720643939983;0.07809466867332814;0.051585422174139375;-0.11855640198817029;-0.1307414785165861;0.056150221518026434;0.2677949133844519;1.1961483159233408;-0.5354799418616787;-0.16211117351149962;0.682033793622699;-0.13860911637905723;-0.19858937379240849;0.08611356816070986;0.009045421495324286;-0.1323934384728373;-0.10135119789693636;0.03028912059099084;37.212421871685045;23.892244143152887;15.806477376803723;52.853052254607874;12.206007189442547;6.069293785415222;45.1772205393067;45.97458101458649;65.83396521262614;37.581485561670455;57.32532815586103;62.61982665847731;27.66113413972716;54.604481326412184;60.929891576570355;40.941212977754304;24.72388492311563;15.62609477232796;9.547399932918658
0.9950374088069104;0.25580736836769213;-0.0868172714684746;-0.26958543700265597;0.2901240206533843;0.23498175176641756;-0.17000502523199673;0.25189193323256465;0.3349174096087783;-0.0939833717663252;0.21013887900416706;0.21031961201541874;-0.07942253060180796;0.14930395078030936;0.4618333272089086;-0.6578676360631605;0.46731444811983186;0.36206294373341585;-0.14919302855589903;0.2691205886662573;0.07639086319231775;-0.00887806074840697;0.17380647376839417;0.041921056700198675;0.013423333312786586;0.03698904768297764;0.8378891742117388;-0.5445856609297355;0.43967420160847137;0.40167574455758254;-0.14766442286839537;0.28680477411752564;-0.037335517758041836;0.038745838338452215;0.1547973480386632;-0.11578788028211487;0.031061963550809923;0.011841307042264297;1.0875620917122055;-0.4203545603910232;0.3453780652566964;0.4617147538545753;-0.15364946721120218;0.23695555161382875;-0.07188863382160877;0.024098775498008887;0.11370221571818132;-0.1579766500528848;0.033990614540440695;0.04539117974498537;1.2444872143530623;-0.30169643522236034;0.2417416509141938;0.3552444519850789;-0.12632935296368944;0.17914899815684554;-0.06685960847800626;-0.004297787372748076;0.08975878414285066;-0.14891868388569235;0.01349911155624236;50.471211406584544;17.794371676357855;8.132611636805679;47.751345793597835;24.932269181702235;6.524450816720244;45.0814130906376;53.94322842610685;29.09660027493328;34.876462829881824;72.37766597361238;37.27158753913046;31.141889257171698;76.43039302921493;38.84831692217426;55.783345707840496;23.320109345958045;11.985185287079709;7.641298669136745;0.9687229247874682;-0.3018431301693945;0.01143477688513238;-0.29649508203264535;-0.2896014170683252;0.3020384056700784;-0.2386685262386966;-0.20611602599910542;0.47465009163620286;-0.15769001607378935;-0.0538502092050526;0.4396276106595406;-0.14644073721878953;-0.13863245260607474;0.3060006955223076;-0.8607810972074477;-0.3745178376907311;0.8147578732553784;-0.2382784525844389;-0.24324206764167425;0.3897211350096507;-0.0451709677344971;-0.171172466462197;0.2509134148838888;0.0016333680784870492;0.1021511853519506;0.6337661447873585;-0.7667500303570651;-0.39996842395375215;0.8816042832706478;-0.22075550458826743;-0.2835781716203472;0.15180213743668897;0.039447566266086954;-0.13300808305286177;-0.11477483292958059;0.04669575960775042;0.23381833806906702;0.923061416631856;-0.6558208708431537;-0.30374789947023173;0.8650221284697251;-0.17889644243248856;-0.26112399816806775;0.09985925505807977;0.05329611256609436;-0.12297140906190732;-0.1310567414978662;0.058990111438776256;0.2857912837353137;1.1739275518299148;-0.555858854095409;-0.15293700492021672;0.6942883824759715;-0.14243707919908186;-0.1999959176817299;0.0976569398333757;0.008234034458436911;-0.13959421932752444;-0.10572112146066125;0.03189644437427233;37.55943286322877;22.540008191077856;15.767909232996317;53.800020279398225;11.708582635222625;6.364763009759764;46.209596842356845;42.15471045612967;67.92709524320192;38.5383280817445;54.02599420845074;65.6828178941735;28.114980858826264;52.985509075706275;63.227630250018954;39.77996353805689;24.65511141945875;15.941798636180627;9.861655481003162
0.9954572167017618;0.2665532643345291;-0.0975297878895247;-0.26572147045666195;0.30134571485058376;0.23643592436852498;-0.16709432127042495;0.2557129945280318;0.3434609913170718;-0.09263347004238096;0.21027701907288354;0.22125620047453404;-0.07854657444131359;0.16634218014082508;0.4553168645714272;-0.6489068504077795;0.48091598818053755;0.3802494209556551;-0.15128842100373088;0.2785303678959333;0.08256556062066928;-0.014089069095944913;0.17461803983960436;0.04876109627870645;0.00970219510775725;0.04822101590437433;0.8411273898761098;-0.5386830678844038;0.45186439927234123;0.4179055026177481;-0.1454954426780399;0.29311738938659554;-0.03993685795444825;0.03754420437619696;0.15391194547739215;-0.12014146965536936;0.029671652096258275;0.019044900377923352;1.0982733221967673;-0.41800811660338266;0.3529744265289108;0.472351358514003;-0.15050350396128162;0.24083265979802895;-0.07512787563054231;0.024429570723405764;0.10996251196475301;-0.16004573263769248;0.03357509638122451;0.04839498222118943;1.2617710142885763;-0.3029912486954952;0.24903265668973115;0.36470037515692594;-0.12243893724246237;0.182088130317586;-0.06998522785478832;-0.0017736618807263696;0.08722183985255462;-0.15777906150184562;0.014681719463756652;51.26503650525716;18.37668495054837;7.04864625899786;46.61972432802833;24.236355413976558;5.910133959822545;44.42492293604877;54.20891842590336;29.95245117331743;34.64777385064939;72.709752795278;38.06012774149666;31.143960716290678;77.04700724828889;40.33419268039932;56.81750797173192;23.89461586001542;11.93496998860561;7.430182983500177;0.9680564825014332;-0.29283058436074105;0.019129013577282923;-0.2898693859277549;-0.2813351631077077;0.31459175078479534;-0.23865260627239002;-0.20863504454927959;0.48330983922929716;-0.1576026691995939;-0.053494525623826554;0.4331125607694683;-0.14637454178370748;-0.1399844550836067;0.287079617673027;-0.8776987452132952;-0.37228933993341207;0.8178095817049945;-0.24301695106192323;-0.23737063575367265;0.40351187018977963;-0.04377829931794796;-0.16658801078070712;0.2591958955172626;0.004598956113874762;0.1074497072741337;0.6085250149512799;-0.7862263456443365;-0.39224806712421484;0.8755530950712085;-0.2252688163966483;-0.28024651791643596;0.18004633927906494;0.042183978050233;-0.13540631519676477;-0.10478479244615274;0.04954691098816108;0.24608761457246778;0.8960031932253736;-0.6759319720614174;-0.2957904235090707;0.8699098745594953;-0.1820895718784413;-0.2608109823017993;0.12042094259020908;0.05438344417975963;-0.12734990229861937;-0.13131483065855493;0.0609837611101493;0.30276788327017246;1.148826942881486;-0.5756607156738185;-0.14337831685773003;0.7008346430718038;-0.14678636465866488;-0.2001887869647998;0.10751109508009601;0.006296174332142429;-0.14569391238474852;-0.11009450121800383;0.03246894733829066;38.00617964600347;21.223167352275233;15.651066748033575;54.878229997284215;11.424818383323679;6.596637730303081;47.34434714651864;38.747610333979765;69.28248261275505;39.56324438439265;51.09386292698149;68.43895340427089;28.625405759762785;51.59337237287382;65.42550979953307;38.64436828310425;24.527309177520895;16.251076549415117;10.194480086090934
0.9958770245966132;0.27765781458059685;-0.10863034665148799;-0.26166297039325365;0.3129377742759563;0.23790229528278703;-0.16404307393041395;0.2596324025577178;0.35226586898195905;-0.09121564269037111;0.2103822575125981;0.2325668801526783;-0.07762319766846158;0.18399555485378036;0.44847102393235033;-0.6394890022642926;0.4949454635751215;0.39905574071128597;-0.1534357389710755;0.28824602484951367;0.08895914732292905;-0.019494885810421334;0.17542867656625719;0.05585135493015953;0.0058383618286456775;0.05986964246294839;0.8443357128998273;-0.5324592283295493;0.46443434711859766;0.4346741648949695;-0.14321792833597086;0.29961593404728715;-0.04262947962663603;0.036290250726710646;0.15296509707035602;-0.12463816070422096;0.028223302604173196;0.026517871150071617;1.1091910621775252;-0.41549699736753004;0.36079448317078733;0.48330515677786556;-0.14721109577993233;0.2448129359926836;-0.07847617714006767;0.02476846430820945;0.10606122784126443;-0.16216415614143384;0.0331377519330455;0.05150377528435458;1.2794806051419252;-0.30428015510020173;0.25655464246976256;0.37444829685260744;-0.11837897044652315;0.1851055585619165;-0.07321653617512859;0.0008463848061043165;0.08457299289678005;-0.16694640679315786;0.015906455324771578;52.02541063297079;19.015502979715308;5.98817759106162;45.454730686883934;23.611036429053033;5.537345974692759;43.74159912117239;54.494832522957786;30.831046241900957;34.41163771418445;73.04742126264243;38.901622926568315;31.159028617640566;77.64887561390354;41.75434782739112;57.78425108453516;24.503651258708793;11.886276902688705;7.219012616269301;0.9673900402153984;-0.28365467745717354;0.026687924514734517;-0.28304743147988576;-0.27290605418010033;0.32663496067639247;-0.23839324939412143;-0.21090312621243307;0.4913457783283527;-0.1573557164742329;-0.05308957424343504;0.4262533287745883;-0.1461598866713686;-0.14117317938563773;0.2681501687486483;-0.8934656166253422;-0.3697142534202681;0.8199803382635269;-0.2474360050107135;-0.2313451981636523;0.41668305611994655;-0.042361889920227824;-0.16190245378391388;0.2670890770998481;0.007515217901884163;0.11255877770019457;0.5830424152001312;-0.8046067757856853;-0.384243392135157;0.868698989521655;-0.2294841943644462;-0.2766788577722932;0.20768164482071966;0.04483613633744265;-0.13763019849539873;-0.09483810598501333;0.05230456417290279;0.2579209771515257;0.8684373162672182;-0.695050251140655;-0.2876506860817874;0.8738358403359452;-0.1850487237202473;-0.2602363758208776;0.14055023203614328;0.05539888377338705;-0.1315324708524417;-0.13143495657028328;0.06288513990964156;0.3191798527941274;1.122931073394382;-0.5945767910742079;-0.13381708524010713;0.7065667980637405;-0.15092031937576406;-0.20017435069569342;0.11710717636013684;0.004381049225575588;-0.15155304747184722;-0.1142896518932451;0.032999681992362216;38.3717380708485;19.97269975253508;15.555513200459073;55.92317857822608;11.317692633258464;6.816235384136904;48.47161906411108;35.815162658593664;70.166891287221;40.62090115453203;48.41340444399566;70.98966882424303;29.184727887441746;50.30052677053206;67.5061186667796;37.62584995895714;24.37819133288879;16.53718974733505;10.52135584404812
0.9954776651346516;0.28638998867540233;-0.1214391379324588;-0.2590833077767513;0.32217410852716033;0.2338145879477649;-0.16203006112430401;0.26413565139768397;0.34996165170924076;-0.0906942854408993;0.21711023497229176;0.22585781201358837;-0.07740216571646966;0.2072668815641822;0.44249954073909953;-0.6321446409212019;0.4990229001804356;0.3957947417814397;-0.1562637174986011;0.293806934891986;0.09233036926825558;-0.022438965997923086;0.1787385477207789;0.06298741533636486;0.004347967374469136;0.08033848886512951;0.8458911166368888;-0.5272702779425984;0.46774011032905427;0.4369632124071881;-0.1451798170148773;0.29584087209304705;-0.05650397632796971;0.03698139232832842;0.14414305866683644;-0.13510192412284103;0.03097868703555708;0.04397403586605374;1.1165613820295213;-0.4130413721688625;0.3713037394949227;0.4839227184958487;-0.14954621448803043;0.24424559349899938;-0.09089826966843607;0.02705654828255892;0.10066235642426954;-0.16851873171405965;0.03713137932888063;0.06463389670917365;1.291577123622761;-0.30456144155712883;0.26604733436459377;0.37643048314897887;-0.11800633843048908;0.1879001304717319;-0.08032747180951053;0.0039622883518950006;0.08368409941255534;-0.1729118583359329;0.019449230757036626;52.52827074717208;19.298387207047767;7.00638713764522;43.93269435283355;22.814018832981937;5.823244179026546;42.52091179029932;57.05417369037339;32.068474002973524;34.25118561316228;74.97591570413307;38.59748270664489;31.445120011878743;78.56251657512375;41.20414625880979;58.41778606511299;24.97531628616673;11.87943463962061;7.05796081103471;0.9681047961301926;-0.2987948073957062;0.020175798489945777;-0.28155672704644447;-0.28167446285564945;0.32580527566264916;-0.2414998118213081;-0.21914970046538224;0.499131630481545;-0.1616718607582921;-0.06495876624499841;0.4279803817301786;-0.15053862188679026;-0.16624000405172504;0.24753326861875372;-0.9002393499297712;-0.39048221238988134;0.8719877521089083;-0.24997191582963954;-0.23491553441374452;0.44118453467649493;-0.04148920621986795;-0.16234058008675253;0.2835672782000559;0.008661436081189194;0.10117271621636438;0.5731380900607458;-0.8131892837555864;-0.40298296283310214;0.9034154772309009;-0.22852478908109988;-0.2809235648094073;0.24129633398297476;0.047800655755645224;-0.14348065483100844;-0.07736131345968376;0.052449414085811885;0.257193065405162;0.8668045093182182;-0.7048727330760732;-0.29761655088949474;0.9106720677611341;-0.1847193660435614;-0.2648614010642295;0.1619758131997166;0.05674026370838811;-0.137779645388723;-0.12774050711434165;0.06292048910070154;0.3249399675144948;1.1359778630689366;-0.6054919120087998;-0.1346805225582571;0.7349126356750109;-0.1513937023448783;-0.20260829124891216;0.13493531466249634;0.005373184681818956;-0.15508736612947716;-0.10715163055149812;0.033477046556281906;38.5494172890458;20.25582920085559;14.586868709964902;57.31266165119034;10.637711181448047;6.504870612452636;49.24137421338124;32.34683544910483;67.81156830467737;41.092841080886686;45.4964040863099;71.95419564874872;29.286641563525773;47.4008204069271;68.4229720345351;37.7703065180093;25.336220547350276;17.057934895258185;10.816691258963898
0.9949962823502936;0.2948957335201039;-0.13459499493102078;-0.2564921438081006;0.33117801757809867;0.22896769518674018;-0.16001463584325099;0.26865643269247663;0.3462968795789681;-0.0902150907594954;0.22454600139129177;0.21704812613121238;-0.07721451959986615;0.23143698192720907;0.43630877705973525;-0.6245938047988246;0.5019034940490306;0.3899931753793139;-0.15913988726156628;0.29889643464491367;0.09540312930499399;-0.025167916419603694;0.18228416827625615;0.07022460083820921;0.003076654288801177;0.10204937895019091;0.8469091728242644;-0.5218532142681508;0.46992164415365834;0.43758094078349236;-0.1475506400408784;0.290791545602468;-0.07176162917869114;0.03787022788925053;0.13427825469858007;-0.146308942962158;0.034206239303254;0.06275728940855804;1.123173679499619;-0.41035667458768327;0.3821058860683446;0.4832495227396911;-0.1524394600641142;0.24308105445274042;-0.1044423269050989;0.029575460116678314;0.09496571579906563;-0.17534837458316155;0.04163978937156383;0.07900936735606387;1.3027023328036966;-0.3046013682628775;0.2757889929959;0.37746366109553;-0.11795663816117677;0.1906334754676584;-0.08793055170973292;0.007182856849444048;0.08292413328074746;-0.17856840400308238;0.023286879367706112;52.95669985611785;19.546137905125338;8.279327711253579;42.32956864303613;21.99571586609277;6.437309204562092;41.22340207540432;59.93094642060041;33.30992173449953;34.09628654915682;77.03604464523258;38.181156310963765;31.750763384973123;79.45358116179798;40.479490212687686;58.95838161515553;25.436975451895446;11.882436345198295;6.908869825448986;0.9689578515809464;-0.3178594951247913;0.011545569835031797;-0.280432894494637;-0.2930239396852807;0.323421711395296;-0.24518835314854734;-0.22873307140309299;0.5074646697958998;-0.16683034169937488;-0.07921517958430821;0.4306795467187981;-0.15577159580807765;-0.19611968816921957;0.22479789354050084;-0.9064166022477067;-0.41555579326584924;0.9338730980019984;-0.25246803912988475;-0.2397855050264912;0.46901760034210954;-0.04058517831230803;-0.16332967392437095;0.302393953751184;0.009717897677610852;0.08694273604788945;0.5638684884566622;-0.8212754034878349;-0.42620870716785403;0.945538808782587;-0.22685813426814788;-0.28632401098128996;0.27854353314657704;0.05105525905703725;-0.15021616402220195;-0.05746401477076836;0.05231091411693954;0.25497237508666176;0.8675991133370946;-0.7143943040539238;-0.3103661219585044;0.9541688036754311;-0.18395553855127525;-0.27039832049001694;0.18544252892366697;0.058223573383898525;-0.1447804269566351;-0.1232644773318497;0.06274055544038365;0.32998451398830253;1.154119746041701;-0.6163716096800649;-0.13671420328595496;0.768081524238906;-0.1514740209103146;-0.2054742390610203;0.15523556396132052;0.006768364624350251;-0.1586498196809541;-0.09811183533025652;0.03398308512874502;38.71131884212389;20.72947987383891;13.463973326713106;58.81271903683874;9.946616696769226;6.1630166152944605;50.001215740301724;29.032170714674752;64.16997569142897;41.525827732390155;42.57452092661524;72.59689763551779;29.3519048192536;44.38963050170933;68.88230397158894;37.93959779327674;26.48194259795947;17.664452528363327;11.134698116409607
0.9945148995659352;0.303418141313474;-0.14794278779026174;-0.25371691995234397;0.34018974062025453;0.22390613082605126;-0.15787645439591158;0.27312822956965443;0.34238029635087086;-0.08967974777420978;0.23201352011900964;0.2079511614673547;-0.07698323894686435;0.2559678966894944;0.429769475417591;-0.6165700905571898;0.5045819590354924;0.3838747430477405;-0.1619909817102753;0.30393262608246496;0.0984876609869696;-0.027938102503908022;0.1858060589412682;0.07756934538771697;0.0017784816649746384;0.12413907043736845;0.8475097788067631;-0.5160587815528938;0.4719036824264676;0.4379848041081375;-0.14989233249193917;0.28549157300181816;-0.08728546717734123;0.038757159095691295;0.12414797545754429;-0.15766310737429806;0.037480266755236344;0.08188145889077623;1.129336947311011;-0.4074065402188893;0.3929252699534697;0.4823132009244337;-0.15531143254244711;0.2417677430190938;-0.11820161915380352;0.03212915490398663;0.08910676610925997;-0.18222314753977306;0.04621629214101098;0.0936297426197994;1.3133754330542118;-0.304484669461913;0.28558175490078064;0.3783223005912016;-0.11784498958588535;0.19332263026063967;-0.09563931293052327;0.010463727501338697;0.08210620602840357;-0.18424509833066777;0.027188773031830128;53.33152609951621;19.795567361911832;9.595571486484653;40.67880709208733;21.17736498441027;7.236903517304874;39.90077335665426;62.89036966864462;34.4837621658872;33.939047310361204;79.05468695272259;37.776182341066836;32.04892477571835;80.28749003425825;39.77694289845625;59.43008104676392;25.903521738769538;11.89276011943802;6.768663727624129;0.9698109070317004;-0.33866228871981346;0.0020651943653950773;-0.2790846933171643;-0.305365838435704;0.32067285386465694;-0.24913832180276296;-0.23916204958996357;0.5164072487883823;-0.1724261799146308;-0.09483591252903374;0.43346763031009977;-0.1614537309242453;-0.22884655461087816;0.19974369180179458;-0.9128296365784236;-0.4429163178268205;1.001440362891718;-0.2551058106226598;-0.2450348408115249;0.49938615140173737;-0.03957605100550623;-0.16434910636480587;0.3229417209265008;0.010873893309720127;0.07128331737261161;0.5534610368888395;-0.8298189979208034;-0.4515360347967301;0.991403361762462;-0.22493576579585137;-0.2921368250727673;0.3193260704035222;0.054607887957436735;-0.15755029089788292;-0.035594103130120174;0.05213752990301238;0.25243023980712076;0.8681180175316046;-0.7245575240899602;-0.32423820537669684;1.0015377869940796;-0.18304192351986204;-0.2763674667735134;0.21113254499135825;0.05982846658582827;-0.1524080280861231;-0.11829973322848822;0.06251742855388037;0.3353887720243664;1.1735685631461534;-0.6280659460832416;-0.1388913990050834;0.8041867439949462;-0.15150048294338825;-0.2085372138367724;0.17746122659028138;0.008297462344947526;-0.16249661257978773;-0.08814649573067995;0.03452484879085746;38.86561079420933;21.250351215911746;12.271762121162915;60.40112656339499;9.320184863158765;5.84840375758274;50.79180781031792;25.980698137492215;59.56358764346841;41.98325716169604;39.70103813261765;73.03443714928142;29.429788726369935;41.45641580759967;68.91951225580513;38.003790494478245;27.708419766568525;18.344177466000396;11.482844802375011
0.993212291361041;0.3054463933984229;-0.16251933621172546;-0.24922805358360775;0.34612666495170347;0.21124063556171868;-0.15447454316014075;0.2779381580721432;0.3345201162523713;-0.08662779924491128;0.2394324600650658;0.19421721708133308;-0.07332861570411629;0.27770700686761496;0.42346655765964397;-0.6109328140814831;0.5071111645036945;0.37221167560334106;-0.1573957090939822;0.2992803411862272;0.09156207026935356;-0.023091084467096613;0.18476422222806552;0.07632699581476267;0.0049397494969152765;0.14940183045411154;0.8469874626996169;-0.5101875450132295;0.487700758820536;0.41774718174365844;-0.14487136735514636;0.2678975963108453;-0.11354476780552081;0.04601947979938241;0.10287024035486318;-0.16613394637786305;0.042774126602676564;0.10646504759233563;1.131122124470567;-0.4010071930308988;0.40950319549087655;0.46490399072909544;-0.14899043806436327;0.22850042163330173;-0.1448446228181112;0.04226246846648998;0.07057425014135105;-0.1957155899535317;0.0528252251660651;0.11657475823431022;1.3150270715093635;-0.2979767814845236;0.297034916414606;0.3663283467274695;-0.1138260963077615;0.1841148893187673;-0.11353004759869002;0.01518691700568359;0.06698442466280771;-0.19321736867919315;0.030684451173545103;53.564413996275555;20.494749004961772;11.172469847974149;39.924883154124906;21.387178530146972;7.826199926300499;40.49597257498258;66.7486708902169;34.79334809407162;34.95634011965755;83.43904979879059;37.37740571703182;33.06539833983276;83.79507810793163;39.22647439633278;60.17946666098608;26.224032395586566;11.987540082022036;6.728689756013537;0.9730190749603588;-0.35903897829304876;0.003154009021165994;-0.2718754244395588;-0.31549232358556223;0.3564163820425846;-0.24392709909801902;-0.244186501822172;0.5345768569114728;-0.16831020959044482;-0.11035886448042932;0.4373372906992138;-0.1562629751084996;-0.2773150517887202;0.2157306252447999;-0.90561783470231;-0.4527193328242574;1.0145736107168364;-0.24581038149172849;-0.24268324718943263;0.49406356698344345;-0.02766600319688458;-0.15681609334430038;0.3072220327062726;0.018804320413789308;0.028198006535264893;0.5647632927272574;-0.8247710564849515;-0.46301725281272926;1.0025037519258124;-0.21960259729636045;-0.2891957705951939;0.3310787874391544;0.0614083430272751;-0.15204146480114128;-0.033227462937658526;0.05734288147409064;0.21912203853052356;0.8772718274705438;-0.7214547471903696;-0.34063228786462935;1.0237260825361694;-0.17541421458080764;-0.2753488459069888;0.21536286403415097;0.062289588113467714;-0.14823694003160381;-0.12968500349235906;0.06279433069900421;0.3112345775271476;1.1823936762820186;-0.6266693471023432;-0.16280934993816382;0.8238630128674491;-0.1490543604451583;-0.20911861511572763;0.18073320979553759;0.005156620095712061;-0.15939537725319572;-0.09571827237943606;0.03156625249113641;41.39037543361314;19.284970416944123;10.3838249007848;59.13554564884092;9.823732771306652;6.062084628534643;49.29643027394003;25.16173118211658;60.286548049813774;41.29502023731603;38.59714478604785;76.77008639695799;29.801495201965164;39.408472025170155;71.9011310308369;37.63257891098831;27.587221525291678;18.551103054140356;11.464327988984525
0.9918826605473336;0.3070712477401945;-0.17716054850606658;-0.2444746969544821;0.35178311848294164;0.1980644057089266;-0.15089632638724357;0.28261742464237166;0.3262331880105038;-0.08340597584415811;0.246757085234497;0.18007376034061712;-0.06947712340257876;0.29936384313631614;0.41683183068417223;-0.6049167334759312;0.5093197277977611;0.3600085696071558;-0.1524039777642231;0.2940611514891826;0.08417687322818168;-0.017929254751772986;0.18343652019544335;0.07473438729091787;0.008275928778812702;0.17489995811133827;0.8458573339282877;-0.5039200088232073;0.5037786853224411;0.39635507633302597;-0.1394612593258545;0.24955312179072137;-0.14032607958872811;0.05353068044191591;0.08095729257669396;-0.17447382887340146;0.04815510505869761;0.13138321705117745;1.1320215001043008;-0.3941665203979945;0.4261509785284181;0.4464742571486047;-0.14220438483542894;0.2145594694006487;-0.17206428086277423;0.052713552913872364;0.051401734020124705;-0.2094214988300159;0.05952689272420103;0.1399288908777024;1.3155131662418045;-0.29099667365601917;0.30844915380602567;0.35355013530682344;-0.10956376944253181;0.17430180774403356;-0.1318484901183711;0.019991102814682866;0.05120122157320004;-0.20225241766173732;0.03417765894881303;53.72034600551315;21.219623356117747;12.835316585431345;39.19596745975365;21.680743792937708;8.446434047281416;41.191817318899815;70.86382634896431;35.07359468149669;36.05594472602308;87.7005719218775;36.740825043668536;34.14455224985271;87.31257347043052;38.57321839966195;60.93303652291893;26.526550709033195;12.08524854545052;6.694662697018431;0.9763047383995191;-0.37939988020435206;0.004658037532840248;-0.2635802079643303;-0.3252381425797792;0.3941431730997657;-0.2376497982681196;-0.24867492707814604;0.5526073096490537;-0.16331661830134758;-0.1262359768385928;0.4404356858102541;-0.1501377505335945;-0.3276140174398176;0.23333774633908058;-0.8956501251518318;-0.461276360782301;1.0240305766356799;-0.2351872376461916;-0.23943491442623133;0.4861677049221562;-0.014843020436883434;-0.14834032833485475;0.2889165759166631;0.027243539554917068;-0.017600326853055372;0.5760436475290802;-0.8172294320666984;-0.47342819547001014;1.010583104833258;-0.21345879585321612;-0.28519167284275304;0.34151525087570156;0.06845362073238512;-0.14552430055473675;-0.031397778633982416;0.06281696386750761;0.18293955454784078;0.8851647865195329;-0.7161718767833336;-0.35700308748550635;1.0436198512124533;-0.16686538845815335;-0.27343536303570015;0.21851238702399692;0.0647399150874231;-0.14315510715040997;-0.14181358469030067;0.0629621180277712;0.2844011286310941;1.188583152688612;-0.6233728777541281;-0.18807606671292876;0.841900968618571;-0.14609771648352943;-0.2091743583384528;0.18305347011151304;0.0017151641312990664;-0.155574679197638;-0.10400322034735557;0.028298188949193004;43.81594976021261;17.407403401081545;8.461967473898714;57.77836560566152;10.44271888129709;6.435430024331735;47.68414251292475;24.472751402473712;61.16686704063128;40.51757043285262;37.54061198873019;80.63222256752589;30.12254846528972;37.400455573652394;75.07172454383807;37.16732805364209;27.34194740530317;18.75860675685593;11.463901366688901
0.990553029733626;0.3084947273928322;-0.19179812019173748;-0.2395113561606224;0.3572400414789303;0.18464147261279124;-0.1471832104245389;0.28713749957979207;0.3176500874470338;-0.08009937246397868;0.2539693185160597;0.16568823707831065;-0.06554541978226594;0.3209892031004556;0.4098511490013965;-0.5984282609649071;0.5111902884548298;0.34745351307278144;-0.14726468479340188;0.2885934789008999;0.0766721662113879;-0.012712497479163972;0.1819696472978472;0.07307644199689185;0.011633718911706685;0.20048518631287623;0.8441264613592586;-0.49724863730551067;0.5196363833651979;0.37451014222829365;-0.13390920396412995;0.23088349745086384;-0.16722920549771983;0.06106613431022081;0.05880777959268252;-0.18276020091469922;0.05354660153071995;0.15641415318405688;1.1321366995708648;-0.38699405040650237;0.44263749385596635;0.42758097714976007;-0.1352631664532998;0.20035399966484196;-0.19938716004450044;0.06321360522172151;0.032035824611945755;-0.22309352773046362;0.06624197253413797;0.1633769702943038;1.3150833848987344;-0.28375576454191315;0.31974144654022607;0.3404197664371687;-0.1051898269055294;0.16428625808415667;-0.1502251749142596;0.024820763416307613;0.03525259952116004;-0.2112202410360759;0.03767565544761976;53.79986679961073;21.952586855797048;14.563061398353376;38.463574952340544;22.030088927805554;9.110242208997846;41.92125329091826;75.06515155472044;35.32711322005683;37.194804796676976;91.60768738813917;35.940884970616295;35.25997015119719;90.65260974080745;37.84980764109528;61.67583272386624;26.814475019784364;12.183086594066362;6.663690710850953;0.9795904018386796;-0.3996022574813749;0.006206679115352689;-0.25434170611757717;-0.33456187487117073;0.43232065027152794;-0.23056663165173008;-0.25273061373956124;0.5699752328812497;-0.15774398700399553;-0.1423982950470548;0.44258753347386565;-0.14342323662141912;-0.37899079382796086;0.2510361562384139;-0.8831535571703958;-0.46903927266356366;1.0313704321639712;-0.22360281462427672;-0.23548887025638368;0.47680688175422603;-0.0015081803447821306;-0.13919233737495346;0.2692351135056913;0.03593041800879585;-0.06505660118146922;0.5863543721138914;-0.807438040313707;-0.48308456311001535;1.0165266129036674;-0.20657239265201147;-0.280351516746476;0.35151603657681063;0.07559547597672961;-0.13841441515436265;-0.029424485245116358;0.06834287578153936;0.14497277773379785;0.8912172762226684;-0.7089666792334076;-0.3731212042116195;1.061736782533868;-0.15759697287989854;-0.27079177669065957;0.22125216252225863;0.06712517317833205;-0.13753955338926535;-0.1540506526362995;0.0629843772354431;0.2558859373907269;1.1921375849603362;-0.6184515041595996;-0.21382754571234314;0.8585793889306463;-0.1426791613441531;-0.20872799819891366;0.1850186613772171;-0.0018581974512433637;-0.15123714774869484;-0.11234508611746705;0.024840584296858242;46.06186184019691;15.697815876304896;6.550716466196133;56.43920283341473;11.150622442678843;7.0027124399926315;46.04274655075374;23.855505434064682;62.008130178564656;39.689894719187365;36.4744750579561;84.48507507459688;30.379061875012923;35.40879741481269;78.31483616994961;36.62648909210534;27.0100192601554;18.98116041449549;11.499846922110093
0.9894797655415204;0.30615385674036255;-0.20493814163872512;-0.22910411377356657;0.35140167781355486;0.16108624817400835;-0.14206235600776893;0.2851626393880471;0.3079303456534626;-0.07657126020812048;0.2525102423161033;0.16484697636550502;-0.06107796147063061;0.33994765312179454;0.4135686637609758;-0.5854168087852;0.5090338512584378;0.33532261071503344;-0.13767408097580247;0.278540822901943;0.05636135495401333;-0.0024797607105391086;0.17563965920542632;0.04776061516017513;0.019403232044431278;0.22709963986125964;0.8437459657933615;-0.48633167569295127;0.5283474243405183;0.34608631068379236;-0.12515277931273763;0.21949335087986485;-0.18769673090558503;0.0671544487826137;0.05205451730312042;-0.1883156523510372;0.05720427007325853;0.1851337207458959;1.1285164069135372;-0.37728623794370375;0.4542674799210848;0.4047517663965706;-0.12660725358828892;0.190744018392428;-0.2168297659606204;0.06844427340357125;0.027779021426235062;-0.22813064805018454;0.06855081235610867;0.19122466573467362;1.3068409700001322;-0.27460270754886307;0.3314590342828117;0.32477943655015495;-0.09750166556331456;0.16184251433303487;-0.1619068840529828;0.028083838698144906;0.03404035300262231;-0.21139261238094667;0.03909166745919896;53.16501363937503;23.855952497485394;13.85022435158416;37.68450206904676;24.946637159029773;7.585929896694001;42.74452336777746;77.10538094876317;33.01985591224069;38.13599656830007;93.03920568273627;33.34905624205378;36.442467320538995;90.87915633253137;35.57053190520938;63.522992361917865;26.352474089794253;12.04636142033089;6.583030118131767;0.9814106354933892;-0.40804300406726174;0.015068677924349067;-0.22232558654315604;-0.3276652095962244;0.42951015495728256;-0.21487449987909782;-0.23644366798248817;0.5607620918813458;-0.1474898923572449;-0.13352401618302606;0.44087797815990715;-0.13562292564020612;-0.42685945929320585;0.2501159059962031;-0.8558875298342735;-0.4819757754968179;1.0171927182820524;-0.22377140040206028;-0.23638749939161455;0.491208960202737;-0.000868807125161128;-0.13904758802918474;0.284510211766248;0.03817405548743741;-0.11813825946371877;0.5947702885268755;-0.7951676901990803;-0.4848441810555236;1.020772206726278;-0.2089319395119895;-0.2800769545277638;0.36913253527514117;0.0744210996105414;-0.1354974028755656;-0.01570771301627626;0.07091734075653633;0.10207974507333284;0.9152733955365296;-0.7107476983797417;-0.39484833180507967;1.045851343857511;-0.1568343644552394;-0.2729773138824593;0.22239946117185314;0.06509720105436387;-0.13359024135615355;-0.14855193004590228;0.06415207559918355;0.22132926606207645;1.2268462584232658;-0.6314254480859258;-0.23790704373845173;0.8558462655873122;-0.1394206386995623;-0.21188681662780276;0.18872612583497578;-0.002755602154401794;-0.14414449126164597;-0.1121888626629144;0.025061980515857507;45.947578972851446;15.964564679545461;6.438985540473221;54.942518435277854;11.157850545751609;6.9736663095070615;43.72217873159552;22.838180657727374;58.74985419159695;38.45288930990526;35.23116520259888;84.19043058560473;30.256597987120696;33.683863093595775;79.7602476162658;36.75843537234089;27.137066871966518;19.368252760035148;11.27740576918196
0.9884120326910392;0.30347804789696425;-0.2178977199802292;-0.21837653834498644;0.3450229535273631;0.13714519769626143;-0.1367875142884148;0.28281127612753004;0.29792038593824016;-0.07297067625978779;0.2506548565022622;0.1641637587653588;-0.056542479679305147;0.35859865637556265;0.4171861996446914;-0.5717670150163229;0.5063714836009349;0.32290945426129536;-0.12786048822825968;0.26814664208046024;0.03569694237063344;0.00787882757967403;0.16905155243449033;0.021855459774176474;0.027264015223318876;0.2535901544763756;0.8427056433133631;-0.47490970960853035;0.5364850526559629;0.31719561377826233;-0.11621185748304412;0.20806527049769868;-0.20790152157641553;0.07316550498315098;0.04558284138114352;-0.19366633845326;0.06078301375261259;0.21382437524605177;1.123888813450561;-0.36720128437442323;0.4654384707802221;0.38147335866228066;-0.11779811852996672;0.18106395614628684;-0.23390669955462434;0.07351245871374193;0.023821050831448;-0.23280167929616594;0.0707115171622048;0.21905262053963478;1.2973505009344197;-0.2651706398371352;0.34293255117765503;0.30879665777067355;-0.08965075760780801;0.15942735731162058;-0.17332838242176032;0.03129480228689208;0.033118212870784584;-0.21120193099301562;0.04043269320143801;52.306452144606624;25.96582568288656;13.064246398033257;36.93928066710863;28.30724693535371;7.4220379238797305;43.67499535289251;78.8449561550791;30.740940381710516;39.134208503955115;94.17727863346653;30.85724314172482;37.65786966159544;90.84960356009788;33.39907271810075;65.42750529067182;25.851948259361745;11.89839484143425;6.502423432212361;0.9831992511757064;-0.4151148225716851;0.02420267895944895;-0.18855799970401754;-0.31927891078650805;0.4244149753554683;-0.19805567962949355;-0.2186911245237426;0.5490711943308013;-0.13649891190253047;-0.12352491191716349;0.4376978558283911;-0.12724542225518778;-0.4741747410020156;0.24799507248083996;-0.8251856907377183;-0.49377328892633615;0.999161509037358;-0.22351818568120688;-0.23668392008091702;0.5048847746418175;-0.0004993462515071697;-0.13867437906959726;0.2999594711711675;0.040195610476757314;-0.1719101569104326;0.6014637403338151;-0.7801847646645552;-0.48496858622769823;1.0219181803530994;-0.21089751882224697;-0.27903923288819876;0.3860930541807323;0.07281170700349285;-0.13220688578710488;-0.0014405544284645893;0.07325295883472972;0.05801359541101014;0.9373404596216425;-0.710577240791764;-0.4158674487421595;1.0257154886094944;-0.15576674168030064;-0.2744703744766589;0.22284799313266396;0.06273517692232974;-0.1291987752917763;-0.1421043708777163;0.06516869964144097;0.18535386426628309;1.2590887582556614;-0.6430862812959883;-0.26163902542043305;0.8500023378744268;-0.1356804553726077;-0.21453047964489302;0.19195753398868445;-0.0036004113728902937;-0.13642351720283713;-0.11149532338105778;0.02529248180910019;45.883673144154145;16.36704621453453;6.340800770587445;53.41171686582567;11.349904045973803;6.992978058677344;41.441880608635465;21.88962069523551;55.106750681112;37.233804262421984;33.94272379105601;83.7865397480364;30.17522560784871;31.944186005867714;81.2747166587551;37.039421839915235;27.23430134143668;19.77942127533235;11.085632021843683
0.9874227355230618;0.30121739816795345;-0.22985838649510934;-0.20785242560653777;0.33917266759605263;0.1152565243023605;-0.1316530187399709;0.2802867561718376;0.2897852875752409;-0.06939485257440896;0.24783373992280133;0.16583759924999658;-0.05207389981111863;0.3760295646379558;0.4189843780151226;-0.5597629824411011;0.5041608105751689;0.3123504866711775;-0.1188169526659682;0.25881413217794963;0.016844579052732445;0.017785193131271856;0.16308482818412542;-0.0025005748049025394;0.03482672969640325;0.2780091840746431;0.8403170602607509;-0.46537955671138;0.5444716539482841;0.2922205516241198;-0.10832041820804171;0.19837549360588363;-0.22442705092419832;0.07887588474582762;0.040526311516224836;-0.19768187848566468;0.0643712654518048;0.23990764234630063;1.1188224208559732;-0.35923203076700083;0.47607010562941215;0.36077098397140656;-0.10941928676338959;0.17259439518256053;-0.24835154846861832;0.07884129013914144;0.02086659996246441;-0.23637210306517903;0.07322430297986525;0.24394554624829132;1.288014617195106;-0.2581625802100564;0.35383483000782345;0.2944271089464352;-0.08198509512558652;0.15782767681566848;-0.18294799088865224;0.03460400211294213;0.03307044024538331;-0.2102692961575663;0.04193987527307739;51.33938806586633;28.195178150222898;11.987477776742617;36.30993926358275;31.80726191142713;9.318550345743489;44.516389780088346;79.95795348061907;28.81880609221953;40.09237624857464;94.8533157414731;28.702188421074986;38.82067701606011;90.43022977459475;31.522623680744392;67.13634451601972;25.406435745071665;11.784402006816263;6.4285342819066145;0.9851168316170756;-0.4197172894161147;0.03225750841681844;-0.1559920905301294;-0.30975506351060406;0.4171592546354291;-0.18151771818456858;-0.2000902502057431;0.5346907758730188;-0.1253829936548695;-0.11260867407325084;0.43278657901183054;-0.11876625891113389;-0.5147438471055495;0.24625185237886493;-0.794563868673465;-0.5015997557494252;0.9736477902379788;-0.222420437891271;-0.23582819773433905;0.5146858371786124;8.844040082486019e-05;-0.13772643206864588;0.31269543929861043;0.04227825289280271;-0.22035191736712054;0.6060554228347037;-0.7642917355076411;-0.48221256829102394;1.016031245111652;-0.21235849560945902;-0.276762879112491;0.39810951956247354;0.07146126913714365;-0.1281124883157734;0.010868349784846274;0.07594871974994935;0.016973998380481713;0.954533738875469;-0.7084748974502096;-0.43345424313616543;0.9995943822648541;-0.15406397445304673;-0.2745239516976594;0.2206839306959311;0.06142973291697663;-0.12434447154838525;-0.13596165577754943;0.06699930442450257;0.15076520300768012;1.2829694563381988;-0.6519442013193368;-0.2827157669156992;0.8387522900079831;-0.1308856341362754;-0.21616869981384287;0.1929299675933372;-0.00337776013556059;-0.12842703195498414;-0.11082993344446508;0.026288129528085128;45.95349148646083;16.91224711662256;6.277718279585726;51.894018852641764;11.783531399773183;7.095091640623653;39.406603984374634;21.254708136539413;51.847523164771204;36.17780600279485;32.95580579350631;83.24365872831163;30.214116950473343;30.505052781601112;82.73443408064767;37.60040518414515;27.21379284754823;20.127843399197726;10.92278412002087
0.9880169839438248;0.3122377615632242;-0.224936775694468;-0.2047662119698782;0.3495228143466446;0.13732829419554132;-0.13146894620874905;0.2786183487080634;0.32474518943193215;-0.06741471642737516;0.229063019376073;0.2185857528836509;-0.04979210242154437;0.37434926000168045;0.389994867714636;-0.5903943999625735;0.5191836510123639;0.3448120943831984;-0.12745774763890153;0.2753684559394582;0.03546656742269911;0.01869777217042373;0.17245126315065018;0.0048952202907989505;0.03682822778198444;0.26428415978883696;0.8234621818469265;-0.5020596756886654;0.5579601204608877;0.35229396775788424;-0.12369451473649076;0.2275280573684271;-0.16889425723040136;0.07966215752057196;0.06518925781808792;-0.17737779933081604;0.06917840462437168;0.21623287124842436;1.1223730310803635;-0.40040460568143776;0.48314754443662916;0.3986694697069218;-0.1115936275888189;0.19171306494874718;-0.21263787601114592;0.09078385330243695;0.03886429890942799;-0.22105369455056878;0.0841355791507691;0.21240606777553628;1.3021534609903014;-0.305042140151039;0.3585999163989685;0.3178334526755898;-0.07940372810257192;0.175478007621884;-0.158433108303343;0.040485910807248546;0.05151880141743845;-0.19739895504944963;0.047527712825736396;52.674486536156884;28.928712635433232;5.642985871072843;37.486477827093786;30.318441836476367;9.957621296787616;41.90534899533612;73.05441288199546;31.876916695734696;39.26418220645113;90.68283821920473;30.402134429445994;38.568783049174094;85.39362857653181;32.788684237989955;64.531029910473;26.484015971250408;12.500424760620158;6.481575428727182;0.9896380940661862;-0.3999502775571604;0.01895757426648424;-0.16644387054472004;-0.2997277094406126;0.3954116545699111;-0.18641531495549224;-0.18344239053274422;0.5050394395161233;-0.12295787907139742;-0.09466950799535759;0.4215233984807942;-0.1181062146358015;-0.4430201890583112;0.2661839576796944;-0.8213082545319723;-0.4602685430598327;0.8714041466173458;-0.21840268158629192;-0.22693265312737396;0.47718333996208817;0.0045844682679002996;-0.13409016192791892;0.28752181671404003;0.04716678537737403;-0.16370501415593167;0.6037565369717657;-0.7801786413406016;-0.45349482707723765;0.9373194711737182;-0.21582390161699824;-0.26763994825544574;0.3352965396947012;0.07951367474499385;-0.11758605363641636;-0.017453719888105464;0.08877177206995458;0.04845344960175424;0.9278949619848743;-0.710856116644724;-0.40470768282582315;0.9266261625663517;-0.1497282121283988;-0.2629949874130771;0.18258175490655598;0.08396482218851635;-0.11953720144917153;-0.1454387222811751;0.0873044647229726;0.16310109121711341;1.2135550972822315;-0.641792132728059;-0.2623196104507488;0.7771780113594312;-0.11534175451971367;-0.21053188225270683;0.161939673011332;0.016678187725382435;-0.12535137779851455;-0.11720705339484712;0.042829342871746764;46.43331894984037;18.164305795779505;7.479334685613139;51.089773816902415;13.210892339983328;7.9708848159462296;40.506410463309734;25.583446826274667;59.68256856579131;37.6637389553823;38.967776071708656;79.75716533814472;31.69056446844991;35.63748753012457;80.06140673446428;40.71533215001059;25.75430956140188;18.890132324896836;10.51588259581376
0.988611232364588;0.3230302615580628;-0.219420912581544;-0.2011856554755089;0.35955146426007273;0.1598758921391763;-0.13102759440509562;0.2763619464011213;0.36025394412932815;-0.06523958765599563;0.2092270107232361;0.27268042851743207;-0.047338885548179284;0.37189770373957964;0.35929092208988167;-0.6209224876472623;0.5337171879454173;0.3777006742994356;-0.1361440542517671;0.29195041320140913;0.05464358280249685;0.019605155222918183;0.1818015335864342;0.012529001544896189;0.03882631486280944;0.24959531289897716;0.8044707043168872;-0.5390074820211248;0.5708339013182239;0.4137034831047346;-0.13934649218068215;0.25722095764968167;-0.11118167625620663;0.08032256009370554;0.09055248382688795;-0.15605587785895594;0.07401416832438798;0.19135331377820033;1.1238985005980628;-0.4421892834616711;0.4895387964341839;0.4370738776799901;-0.11362752580627013;0.21110492037100728;-0.17532366857322487;0.10295240080988866;0.057389656706231404;-0.20480075207336662;0.09525104955597705;0.17940609417528727;1.3142778603184753;-0.3529068160986134;0.36283938696527707;0.3414154673348432;-0.07658436093960136;0.19338342974220474;-0.13279574891371557;0.046487193936534464;0.07048572108142533;-0.18372113413465643;0.053211639439221727;53.86762933857742;29.542232635757617;0.334453146538817;39.11363576776532;29.051795502374862;10.559525304922738;40.01224573580587;64.66449215798197;34.96464070604638;38.75201530487247;85.58813429619484;32.15260001418204;38.58470719572204;79.83800951190825;33.81805242680219;62.07779475186773;27.5311696772173;13.254616679340767;6.551609289194669;0.9941593565152966;-0.3818664312984455;0.007482256183133674;-0.1749600156188703;-0.2902862333325045;0.3756393059855004;-0.19010590043340378;-0.1686365371683402;0.4781755083166821;-0.12053481634703836;-0.07900022201451044;0.41068351471725795;-0.1172125353020878;-0.38019336395848574;0.28256646173674616;-0.842005615663872;-0.42349703783101283;0.7811794358905447;-0.21434766524043827;-0.21866466750831814;0.4436533873377483;0.008433269888499332;-0.130596076555559;0.26510549490978813;0.051234874393089776;-0.11459994519294024;0.6001115598417788;-0.791664681734661;-0.4275753486573613;0.8671231063762879;-0.21820305583562513;-0.25906403472967365;0.2804208570026348;0.08620960647637019;-0.10821990414312796;-0.04173029579793699;0.09953943474612749;0.07535602030619437;0.902448411954377;-0.7109343884354149;-0.3788984424343146;0.8613923299225968;-0.14559008742816304;-0.2523654652617978;0.14935189552912312;0.1030871257100761;-0.1150776505460887;-0.15317583826454495;0.1045023170838338;0.17324468234770865;1.1505796481243773;-0.6312970810793682;-0.24407622520711678;0.7221435597710166;-0.10167250085531157;-0.20510808670690703;0.13487508298261128;0.03385741669687552;-0.12236296600981135;-0.12235984457744441;0.05691752713788224;46.85199605568549;19.33269798339112;8.573766217363811;50.45715774238541;14.70519230608756;8.858676571133975;41.517184505281435;30.242722035241165;65.38635598069312;38.97409889453457;45.009821543294606;75.5413649047837;33.103012063153244;40.91042224808273;76.52169404134698;43.457183540728835;24.413050700014296;17.871886717099006;10.154813881076002
0.9892054807853508;0.3334902733249165;-0.2132945317607041;-0.1970895422887623;0.3691506273219525;0.18277413856869273;-0.13030708237441357;0.27347705255437765;0.3960947408766306;-0.06286691284589589;0.18837238444317478;0.32784141396699457;-0.04471612859021869;0.36861790490528273;0.3269383560304713;-0.6511044054297361;0.5476026269730842;0.41080742859823716;-0.1448141267213228;0.30843631915531383;0.07428390924858687;0.020499915894056534;0.19106278074273847;0.0203659323622578;0.040805425779351964;0.233960035698632;0.7832777398037502;-0.5759676067486986;0.5829345506958377;0.4761121052442752;-0.1551843096988238;0.28728087947543646;-0.05151533475634019;0.08083970769619821;0.11649137179972298;-0.1337787665011965;0.0788445045861628;0.1653403968963999;1.1231884873955353;-0.4843276212853682;0.4951278130554084;0.4757411124185274;-0.11549169725125222;0.23064895259571905;-0.136536304211233;0.11527635205705164;0.07635323922022776;-0.18764546418446962;0.10650602256874316;0.14505385938275397;1.3240977321612575;-0.4014884217117782;0.36646935094050753;0.3650106360007514;-0.07352513089041915;0.21143248920920696;-0.10612119255201088;0.052573820046896855;0.08987750633051642;-0.1692608600583521;0.05895775787145986;54.919029942109816;30.044566229275375;4.7564683961206295;41.11235280257693;27.980773051898016;11.101075133318414;38.8263188949792;55.92632639262928;37.356144762439804;38.54737074171825;79.81277913167258;33.77465460663877;38.85651706614884;74.00713396988269;34.459415174702066;59.81967172556796;28.533988338403383;14.041055885963866;6.636636967103403;0.9986806189644072;-0.36545638994540464;-0.0024475445114451413;-0.18195762339210467;-0.28153150058904264;0.35778325706420117;-0.1929031643666997;-0.15549751459024969;0.45398144217523956;-0.11819323991724646;-0.06529972145456389;0.40047276601807075;-0.11619914796503836;-0.3251299072190362;0.2961389180462181;-0.8581544573553399;-0.39085561562106735;0.7016194756608687;-0.21040301604749978;-0.2110712279355295;0.4137710989764623;0.011741183048326253;-0.12730845221711595;0.24519263901397417;0.05464414392984562;-0.07193845275215811;0.5957271196934495;-0.7999587851116905;-0.40430142222028076;0.8046902499143129;-0.21980943957274593;-0.25112139493048224;0.23243236772157003;0.09181727715146461;-0.09990501645254869;-0.06261877689696532;0.1086375451056594;0.09844408277640918;0.8786056073103519;-0.7095386286358557;-0.35581995537227107;0.8032587782761658;-0.14171516495976708;-0.24266234523821534;0.12033466964167079;0.11939614257033254;-0.11098783024600947;-0.15954522408267816;0.11914574133192873;0.1816518952665493;1.0938020234560442;-0.6209301488875469;-0.22781197285907465;0.6731086575792283;-0.08965331165035892;-0.19999986387094965;0.11121430077237471;0.04863016598857908;-0.1195291785086231;-0.12655986735871175;0.06897222118812192;47.21601508920709;20.42288589431966;9.563626722045187;49.92475082553647;16.26081118603117;9.748768844451027;42.42184074871254;35.19428299719245;68.83470586326742;40.133613681477506;50.91311449179332;71.00900845666216;34.455273549021555;46.16157441271284;72.48400317647054;45.84292555287146;23.201314462125612;17.02642376018741;9.825616865280974
0.9856446901054596;0.3302483759325914;-0.19569790519312175;-0.21160266128339125;0.3664196676724897;0.17300345910795314;-0.14372154772167794;0.2917071699777382;0.32389535189818236;-0.0751881139060372;0.21947062949037438;0.21697619473415322;-0.06070612976406204;0.36480627621769895;0.36010971798842045;-0.6513120329955631;0.48790300559389865;0.4775066998603462;-0.15662494739696517;0.2946752553220984;0.13533721846242583;-0.004684619776319166;0.1975145188914589;0.07495436589897285;0.021501147547691057;0.22234961615677773;0.7910592344975435;-0.5698999348228548;0.542046294387271;0.5355196087763653;-0.15988369631298327;0.29463632290126757;0.004638659494361354;0.060445716038103364;0.14271856325830068;-0.09185795947942518;0.0632647510334586;0.14903028327525414;1.1143099647798365;-0.4726443733342401;0.4759700446408722;0.5140979278045601;-0.11638863643018763;0.24520985701042802;-0.09573565610414404;0.09973787677167707;0.0987971112891045;-0.16918422725599194;0.09487677376267;0.12990871208087654;1.30771207539449;-0.38537661588045014;0.3653613288206306;0.3965131661577219;-0.07572717792856075;0.21377574736346802;-0.0840196971127507;0.04668339135460922;0.09678734432527124;-0.15712471985068863;0.054801259023623566;51.403991960669586;24.003953539586995;3.5300850058109177;38.87518549859548;22.974363684909203;7.690267510733477;35.31835990345617;49.36250576090869;33.47551891556793;36.21351187351726;73.76699949021811;35.50141138341608;37.041592509001674;71.1391196877798;36.11580949506466;58.870027422631566;27.202335168044318;13.870671190260285;6.71322256245759;0.9953778004640664;-0.3642902391911737;0.0052585039432828705;-0.18806240935028348;-0.28365262053545426;0.37255499532834463;-0.1922236458398913;-0.17186240016895218;0.4755394258681672;-0.11954236585107203;-0.07985984534184291;0.41235361454229535;-0.11494697511108021;-0.3228146926582856;0.3236258236111155;-0.8410747262974589;-0.40378619089554807;0.7361627436469992;-0.20922624625343145;-0.21542110635569575;0.4094134578531763;0.013093050093594504;-0.12742138289364988;0.24110812194753053;0.05529977213975577;-0.06919203786058062;0.6206374407782895;-0.7810388140168676;-0.4156084495242011;0.81727846980447;-0.21088123670390252;-0.2539600998037592;0.2357584824740873;0.09381210379344206;-0.10360553696989586;-0.05410204342268085;0.10579485741988597;0.1025692966137496;0.9015353251278695;-0.6918157300043545;-0.36144847169936456;0.8167887691526768;-0.14004658786400506;-0.24444038616449473;0.12226450407265634;0.11526456780798429;-0.10882281853123982;-0.15646314495836008;0.11352488398377476;0.18634295977671164;1.1280332398699573;-0.6057174797488823;-0.22801915474104018;0.6877172276039007;-0.09847202260157109;-0.19791700470391313;0.1120408049736872;0.041234009709101314;-0.11728851256316128;-0.12827130193045436;0.06400376834904917;47.0356182912503;18.84844198194556;8.861772187181787;48.89591667845135;15.64456424895497;9.84245831919844;41.8605517329608;34.471519563416436;65.4871839867237;39.484374163918915;50.085637810964606;71.79630307307328;33.056782681401984;45.660061355908496;74.4443554420446;45.01048942607133;23.162049471974253;16.720429344845023;9.717908611063917
0.9820187196724446;0.32685010525867436;-0.17855835616163654;-0.2257986145763841;0.3635259610171793;0.16307028358152584;-0.15680709535215126;0.3094987328866489;0.2527412274072895;-0.08724559970957074;0.25012437413921407;0.10777437049691829;-0.07635483276306747;0.36105422719081265;0.3929345342619876;-0.6509129970782042;0.4292613937834117;0.5420600555828973;-0.16799732041316;0.28091559722546416;0.19465431606359276;-0.02930163050465781;0.20363343703774345;0.1281491325388444;0.0026067000837749947;0.2111981442718893;0.7988157091731266;-0.5632839484969772;0.5017983375744407;0.5924883178685342;-0.16419808451255385;0.301298971752751;0.05858490458570281;0.04050066028432936;0.16791390752878216;-0.05122409174728295;0.04795641179827916;0.13346195823273127;1.1054073063886405;-0.46048385129477826;0.45706579142595594;0.550868834488718;-0.11721136423557411;0.2590835119084688;-0.05644795865896425;0.08434735145035939;0.12041248062952772;-0.15137445895353843;0.08332281606681519;0.11561023924308712;1.2912725226918425;-0.3688097234547175;0.3641447423212438;0.4268436201024255;-0.07790902858655192;0.2157428650460744;-0.06281751457663871;0.04082549084787762;0.10322043748241076;-0.14545567994763617;0.050640807040824645;47.86638487539188;17.070918678818842;15.805192158994487;37.15579528169482;18.824808232760603;6.074668741585085;32.17059386103355;43.151047602070015;28.46112008338551;34.07358636639296;67.43824967823777;37.05270172853081;35.44544535890991;67.9492763582243;37.76561009709043;57.89697858636686;25.95690010653788;13.706471520742024;6.796642510860739;0.9919522462559862;-0.3628765452234396;0.013775880859788692;-0.1943745179332052;-0.2857785753674112;0.38846232409438664;-0.19122930321254242;-0.18964839113497026;0.4988010722613609;-0.120911624806268;-0.09579657647514556;0.4249583011236194;-0.11347574618440003;-0.32080198888605416;0.35290504549481416;-0.8213441694086642;-0.4178901637059492;0.7741006999843348;-0.20777825178422818;-0.2200247833238188;0.4046941710771069;0.014495009818136912;-0.12745423954814988;0.23671625198691698;0.05589735257590654;-0.06679840239946243;0.6470699254945919;-0.759498838022352;-0.427790148001535;0.8310175895768411;-0.20092722423753484;-0.2568855136599957;0.2398579551793015;0.09578705245339453;-0.10763908372975096;-0.04446766984828348;0.10244884075834124;0.10657537871874811;0.9258095306963261;-0.6718256130449385;-0.36752054615898366;0.8314840814814464;-0.1381400149503761;-0.24625197821894604;0.12467743556533617;0.1103959405001041;-0.10641506370567307;-0.15284363339805793;0.10706688739240541;0.1910997666156789;1.1648431736136424;-0.5886885648327864;-0.22824540060779228;0.7035847834107691;-0.10812708601751632;-0.19551571826347822;0.11318335547732535;0.03292615220769157;-0.11476963914549825;-0.1299223119890038;0.05834944322522522;46.81892022845143;17.2563779533359;8.093124577459275;47.688967301025485;15.092617925030412;9.945626046179765;41.23769355322779;33.62823013483668;61.6875526772826;38.78662854127318;49.1147948807995;72.72082780343823;31.627653603192563;44.98966597861165;76.63108548274779;44.10161188830269;23.1038703665497;16.382712448562778;9.574263719585774
0.9791087381634208;0.32365726296238706;-0.162968109666114;-0.23619304425711246;0.3583248901259272;0.15714001316532264;-0.1660402309906227;0.3213453323729938;0.19694650251599385;-0.0960613903801763;0.2749234254129208;0.017916170619145244;-0.08813740377278476;0.35589818142719626;0.4266765278349247;-0.6441971108860834;0.3804412023563263;0.5922623359495451;-0.17509865122554147;0.2671746430697323;0.2386068850533346;-0.048706711484495284;0.20603524703417844;0.16779761970602688;-0.012654961893321187;0.20103989715846562;0.8094664543724234;-0.5516765528788141;0.4685211546972388;0.6319488332469708;-0.16515440772736512;0.30204925629414997;0.09550430456359456;0.024064164338367576;0.18422403212712624;-0.020740811363105374;0.034743548533446515;0.12039089049226688;1.0994053472538543;-0.4447051838340825;0.4421737637806986;0.5724425433502556;-0.11642257619051392;0.2654407119142426;-0.029210725770853818;0.0709018955797692;0.13402191420903414;-0.13683979651449713;0.07257374454809817;0.10412196512044043;1.2768935075868155;-0.34972679190819467;0.36336829212248645;0.44399166505748533;-0.07957905257811641;0.21294529909821783;-0.048603477503030464;0.03529680754557854;0.10437225703816223;-0.13542140954346749;0.04638678686970817;45.18448194000022;11.420341265044193;26.89193718137923;35.735422958650545;16.453522182081432;5.648236094406247;29.899358376554893;39.20289932575296;24.564306999379244;32.768660466712376;62.84240167104642;37.79881904839759;34.67476156482366;65.57672910400248;39.038805166442344;57.48215592009935;24.78975713953681;13.423809702186055;6.804161681728712;0.9887923007498828;-0.3610794596049439;0.021435925673585824;-0.20062106616314826;-0.2877512421025493;0.4027044801429276;-0.19035479238453423;-0.20644616293452542;0.5206992453174253;-0.12222865667062488;-0.11137148522591415;0.43663372376493376;-0.11205084216425934;-0.31974867487137587;0.379057696988204;-0.8025354233163969;-0.4305692467478115;0.8100751678506889;-0.20612028866467486;-0.2238535756505422;0.400348906512842;0.015789077031957397;-0.12739745841284386;0.2332845518594856;0.056258882249798726;-0.06553285938419694;0.6707312965014334;-0.738799683428761;-0.43892086125707236;0.8432847314324237;-0.19106620367262198;-0.25918591790890255;0.2440716747073033;0.09768041776649694;-0.1113967401638757;-0.03509767286794606;0.09910334094243022;0.10935965008934286;0.9473989003421136;-0.6524477349573594;-0.3731105269579569;0.8452943259884212;-0.13631251203807088;-0.24750593600822896;0.1266395996909591;0.10564312467554764;-0.10377704644447093;-0.14987471260249752;0.10077643978118886;0.194843746004474;1.1984657408826271;-0.571973431111087;-0.22803638382327315;0.7182246917348765;-0.11753758366907519;-0.19280558851347507;0.11422005535391881;0.024879974976393073;-0.11211071293886575;-0.13151477160575756;0.05285287142827253;46.59433458951364;15.920790799956968;7.315493783535052;46.539002937427334;14.684494744758274;9.995222586010218;40.66463497378042;32.79633092759009;57.9754331410777;38.12710958857671;48.24317485554685;73.734696652996;30.32631682868827;44.29744083458433;78.80797230328983;43.171298308108334;23.04401178884216;16.078887185463735;9.43665006010591
0.983068964314839;0.3209991536963332;-0.15629066485039367;-0.21529938280312177;0.3302880454820399;0.18534893105801897;-0.14322611744981875;0.28291535871029616;0.262094736765423;-0.07828315217059256;0.2544000570225647;0.07440357765241129;-0.06862968050704248;0.3360845933867859;0.4789581884624989;-0.5776664710270576;0.4045574172071499;0.528102953361917;-0.14568800626060546;0.24900199196689005;0.1574072506621611;-0.02710984685981536;0.1754145235663826;0.09742916063676464;9.304389709737384e-05;0.19645060780355064;0.8488518473703036;-0.4907725541527749;0.48725329851941074;0.5250906740556951;-0.13591460007351025;0.24932893433105624;-0.009831989701343108;0.03410826046280549;0.12523622419412042;-0.07231039302244356;0.03625306057766322;0.12563440112431962;1.1166531801471222;-0.3908217069568906;0.4583977688863578;0.4629807248915623;-0.10071263923692808;0.20564227254653172;-0.10220898503038632;0.07071155400077068;0.07947230206469443;-0.14716889235370434;0.06562918806251702;0.11429155819712906;1.2753548178211525;-0.30154348197701325;0.3659725372350785;0.3470322745262594;-0.07707597145380893;0.16601065478752122;-0.09298584823203038;0.03096104134605038;0.058072721964680316;-0.13685472643037444;0.0398981248548333;50.27567666073273;15.919155786594798;25.99403739062451;32.34582231478545;21.213351178514742;6.201771699541464;33.47866047646305;52.53716444761948;27.932693155818523;38.48677571060146;75.43970832490459;33.43922793643314;40.85397390907806;74.61181860632227;37.3111505652471;62.66761576736477;23.136901517460508;11.852178387012794;6.0557994815155025;0.9881809797795184;-0.3606897496779325;0.015614077696423877;-0.2044619820413826;-0.2901954709880397;0.39533538656540895;-0.19346644008823416;-0.2046349671857774;0.5204693281564746;-0.12356725036220144;-0.11443787875067302;0.43627594160893984;-0.1133146231537657;-0.33287220843644;0.3606673586157893;-0.8145910664749023;-0.42542776995670306;0.8120010056004183;-0.2057662239523961;-0.21985959870567579;0.40725845513860476;0.015323499795877089;-0.12792965043110877;0.24458225618660628;0.05462139064466204;-0.07737592948044769;0.6584604513764009;-0.7486272767607545;-0.4371533156026842;0.8422744865035268;-0.19074882590176725;-0.2565935638262356;0.24953626926667305;0.09863874785964989;-0.11118283344704057;-0.03490731881938885;0.09907359047212426;0.09910906450901574;0.9384701833694836;-0.6594080125254712;-0.3744503271626812;0.8508506174710941;-0.13804904533379234;-0.24509945107490874;0.12418162363549819;0.10637216707063314;-0.10169080291553201;-0.15720879848078279;0.10143714478891773;0.18805289848247136;1.1915287256202796;-0.5758919136227811;-0.22614162861847473;0.7191058166653791;-0.11970424688181505;-0.19091687966960727;0.11481944554775789;0.025010191793758473;-0.11103543531829584;-0.13299270284839745;0.05314039363136412;46.56035369072837;16.805254782445665;6.7861121391652555;47.63415837168355;14.564652743930912;9.327091337405113;40.93561023754541;32.366561339133895;58.5955084305053;38.0138379203034;48.699863177554896;75.04395718153609;30.036660683129725;44.16387001885989;79.70943074031811;42.21320977079025;23.36030752737071;16.484205920348227;9.758611678353772
0.9870291904662571;0.31688424336856785;-0.14915262735317458;-0.19431154316354046;0.30192119031809633;0.21134250964909926;-0.1207612164290039;0.2448686546385456;0.32294337261518635;-0.06094104659514171;0.2335729922064737;0.12791512758927506;-0.04968549607633854;0.31553255523744334;0.5264675235566881;-0.5113669126351823;0.42556867217530714;0.4643089972105524;-0.11691921955386082;0.2304436044079978;0.07918446209755126;-0.006377354736295369;0.14534528277734124;0.029832292355429106;0.012251632598056185;0.19110662954106158;0.8822405126208607;-0.43026728208862963;0.5027222886290931;0.4205854524783114;-0.10735685196864217;0.19781737314440895;-0.11025335364154357;0.0435204748006707;0.06835738386269098;-0.12114162200347622;0.037514435176263225;0.13001742618801904;1.127609218306583;-0.33750445639795756;0.4716164918450606;0.35629777047538014;-0.08523290582766051;0.14759458160074423;-0.17133175631865044;0.07018204145977694;0.02705181226616993;-0.15629657888238904;0.0586825158996468;0.12342889721049739;1.2676113171645258;-0.2541023796095191;0.3666555502521352;0.25284470571559864;-0.07430924949477724;0.120427473576069;-0.13486017426692287;0.02667323169839973;0.013626460072586796;-0.1375483749642108;0.03351290487922404;55.662617177355806;19.805432782931664;23.866153893492815;31.033658601806327;29.738755359608977;9.634565188976609;39.388865035513874;71.5778359443103;30.889046654301808;45.9328999830942;88.95408566448661;29.396258194873887;49.01015339695723;84.38483628107502;35.79102535148623;67.81383185818031;21.205594781035067;10.360515287745132;5.367429058252872;0.9875696588091536;-0.36016140619101966;0.009796909566653729;-0.20821683775534466;-0.2925230869363824;0.3878271164090376;-0.19649761756044698;-0.20274804439007382;0.5200387533963731;-0.1248556414543176;-0.11745441759055167;0.43575026480890683;-0.1145323002498443;-0.34584299108498934;0.3421715166938181;-0.8263098140429065;-0.4201313917090704;0.8136095873727268;-0.20533331400035693;-0.21578802909778955;0.41399794790632377;0.014852859071797508;-0.1284114382472606;0.2557646795128097;0.052965809349094874;-0.08916731440136072;0.6459577919346093;-0.7581475589101457;-0.4352201303160839;0.8409406920187835;-0.19035833728130275;-0.25390684610006514;0.2548944018555004;0.0995572060414484;-0.11092636540484406;-0.03470382876125414;0.0990056181706555;0.0888390498443685;0.9291953222060502;-0.6661007242084566;-0.37564299516095506;0.8560679635526377;-0.13972904884964693;-0.24260270118812569;0.12168019335184153;0.10705877167956228;-0.09956911037931417;-0.1644686527470892;0.10205744437254437;0.18120189292602526;1.1841441335465988;-0.5795806932020884;-0.22416299112897992;0.7197074974805401;-0.12182067628935771;-0.18895788631634494;0.11537337295434247;0.025130506451681838;-0.10991923825106663;-0.13441653363379455;0.053406856272457934;46.51199087391051;17.69917987493746;6.260117706232259;48.745481177401516;14.462842068157459;8.705981438254193;41.23314239309035;31.95605790542881;59.20942460002334;37.913880537371234;49.16253094237067;76.27359574222304;29.750641774581254;44.028189026448565;80.61002645319634;41.25897618937624;23.654148028613495;16.883397746558444;10.083664626058566
0.990468448911052;0.3125194113961238;-0.15140919568680464;-0.1842557622150399;0.28071268279052336;0.22855177066291402;-0.1060217696561096;0.21327667832495983;0.3729216972376125;-0.048410107108927444;0.21254650453470347;0.17791091435794493;-0.03560165282086939;0.2982651583013571;0.5529919360774929;-0.47099170684073816;0.44280098686045444;0.4079395568724678;-0.09673332693436239;0.21853580184208274;0.017562193845438733;0.008879845029684006;0.1256219396924426;-0.02263554476076057;0.020935437949323954;0.18804399254805124;0.9007117272531436;-0.39160929669154526;0.5127930177180704;0.34129570504575224;-0.08847019581843701;0.1637755236633824;-0.17986813460157844;0.049146600756778104;0.03178592428651464;-0.15443449350254793;0.037237749673635474;0.1375269568239463;1.1292609261684765;-0.3016942807943592;0.47897685652491717;0.27678726767802014;-0.07634005488652357;0.10822144110030882;-0.2191571748989812;0.06686777075672364;-0.006775146846106329;-0.16185283113446236;0.05145194476926976;0.13722594358742576;1.2530891648629134;-0.22029908366233047;0.36452995803235555;0.18057952587802312;-0.07427415121906233;0.08830645086404444;-0.16343357633657324;0.021060834268248674;-0.015977447198721153;-0.1369352244358464;0.026717680808057906;60.65950192540857;22.884695185769374;20.175538741702525;32.6379849085636;39.614595295961614;16.300058390730534;45.20215287041748;83.214816492721;30.017494994482536;52.350209658175665;95.64881857120005;27.57398351793068;56.423548015129754;89.17489254572486;34.90232639469783;71.82866762527368;19.842027456047543;9.394049193540681;4.986361400179738;0.9874317167087774;-0.36004186277891165;0.00471343948105498;-0.21114277219928496;-0.2944248850783574;0.38350465210836043;-0.19772415814619265;-0.2011008584611668;0.5199006716917289;-0.12449600784195773;-0.12125381618421775;0.43427055737960313;-0.11404838717814403;-0.35593685108346085;0.3310219957697878;-0.8331601402190314;-0.4151513883527508;0.8128951217720438;-0.20378302087397587;-0.2127478649576552;0.41825694321452744;0.015251899645486027;-0.12902894536599893;0.26361179659807765;0.052143887582092784;-0.09879712180577753;0.6392096598138353;-0.7626599107882722;-0.4333453220208957;0.8383368003052949;-0.18932908177157934;-0.25163952610628787;0.2563677561253547;0.10047808164970054;-0.1105417955535068;-0.03610732571680829;0.0993645902371587;0.07970357559600408;0.9244692794741209;-0.6678499923362307;-0.37630655537341456;0.8576002793862987;-0.14042358539044228;-0.24096416776701454;0.11882301909272003;0.10750063317197835;-0.0984867231583804;-0.1693000703439396;0.10258457636630557;0.17430132647636723;1.1802288323971382;-0.5784309397697247;-0.22236386495241092;0.7180324452170098;-0.1229649393082795;-0.18721563860481405;0.11465409408519708;0.02506434998435997;-0.10913058494864077;-0.1347136727653874;0.053508400199899615;46.69057578626794;18.334920208695937;5.6290245058333825;49.43663571270983;14.447226473114824;8.259181220908385;41.302329589122536;31.859658705431773;59.98193617716812;37.700643194051345;49.63480658660451;76.76993917297276;29.399536343624856;44.093179351735174;80.92038511757879;40.61687985797419;23.85582584848372;17.153163463709515;10.316618199601727
0.9911011819343752;0.3115023738262921;-0.20650544753952424;-0.23232792542040645;0.29652438862186015;0.2086534086988347;-0.12979274112955194;0.21086622963906876;0.38661272667374796;-0.05860352129677009;0.18864317742090866;0.22661195033820475;-0.043830147234342316;0.2990812014485666;0.4869631322568188;-0.5645252661442127;0.45326062439099474;0.38264509342757996;-0.11788177094503113;0.24238670351503594;0.026451531302701805;-0.0002468018132582722;0.1571686338225018;-0.010545640987123992;0.01415536911551827;0.19965434011226982;0.8628173020041445;-0.4644183973925054;0.5069130907419837;0.3789808989455691;-0.11684114031514385;0.21519421519172455;-0.11023491358555293;0.03735624728175226;0.09240857373494094;-0.11818569266839343;0.02950089510769462;0.16612894424669902;1.1036818941884663;-0.35364176817622145;0.46658320889100446;0.3232635230154793;-0.10103513853065736;0.15812139170606052;-0.17241432990552996;0.049257177702669304;0.04762075664777216;-0.1532180952143896;0.04169411578596728;0.1819077647745388;1.2224577221549657;-0.2529461895289392;0.3539022507247875;0.20690932006719168;-0.08997976495356914;0.11969946069149705;-0.13308619676049496;0.007329232125273372;0.02392422760174456;-0.13185654967569274;0.016388455534233588;62.048914865921255;28.185944691449826;11.09173266205936;36.910525827987705;35.52358840604983;11.315285066072333;41.443097905748076;66.4385458882956;24.584218656285802;45.868504971554934;84.56105446446873;24.720409404435642;50.03751382585357;79.1405927014789;31.90583703263343;69.50659340290716;22.517186805445387;10.899049977917445;6.01498786561719;0.9898437858323712;-0.36257210380609434;0.0035289656347131156;-0.2099212966997553;-0.29443736671406795;0.3967028214279627;-0.18954928154604714;-0.20098360566126866;0.5219943730677419;-0.11546851659067021;-0.12942757607900526;0.4282284419915019;-0.10459551060518066;-0.3511527926011004;0.35955655282957066;-0.8150572696204795;-0.4123625833007073;0.800778164402608;-0.19649961316186773;-0.21548199560978207;0.40979951780748314;0.02033032021336338;-0.13054298045867613;0.2539922012865871;0.05584713007719085;-0.09704665046722627;0.6640479563794572;-0.7413651322131076;-0.43232541832898363;0.829988080969894;-0.18511477730285256;-0.25192460738232647;0.23737777637049867;0.1015472140876954;-0.10961025759588493;-0.04617218925144482;0.1021397016949927;0.07668107764705397;0.9452532509921443;-0.643996395914479;-0.3746239262908873;0.8405100659263357;-0.1360260203979393;-0.2442185961665946;0.11419304860353383;0.10677286573615916;-0.10308827374852239;-0.16137872809025963;0.10274804287539803;0.16731010486096348;1.1963764429741681;-0.5521050024249298;-0.22179835939586925;0.7050745137596224;-0.11906911663606612;-0.18686173785897253;0.1072588968487287;0.024031334128597044;-0.11023021408880852;-0.1291523483659155;0.052796143203808904;48.138774970610996;17.556811747821154;4.403822812729045;47.807715962083655;14.829035375018803;8.56730414229247;40.04070525229908;33.4469337011105;61.4537738177213;36.84424339513091;50.120870133451;73.66976858227963;28.706640289306247;45.277814101808744;78.00153194363354;41.6694110991062;23.655201452949196;16.753857172642178;10.041699481407584
0.991733914957698;0.3081829875767243;-0.2621863495431548;-0.28053120605910276;0.3107795794081767;0.18648548364570666;-0.15352018913630788;0.20683206686740532;0.39801225210419294;-0.06875686103780022;0.16246412122580564;0.275509448085971;-0.05205155944935788;0.2977545506584325;0.4148960687887699;-0.657496436771101;0.4608220816506033;0.3536123304749716;-0.13897399018107004;0.26537882707115595;0.035485099593969685;-0.009717105503789186;0.18876716633252108;0.002078515559094793;0.007015794968813642;0.21025315408591458;0.8172179929351027;-0.5366082027140912;0.49712659767573125;0.41533825065791996;-0.14543679995940842;0.26699521254570296;-0.037164886867173175;0.02484813233751239;0.15465425418741352;-0.07970592916072292;0.02125679608513903;0.1946061913425406;1.069113634542563;-0.4049854048769684;0.4503295445634276;0.3691496122266735;-0.12593067381015052;0.2087609411365485;-0.12264920644706438;0.030622032332139823;0.10372950093262372;-0.14314301080985978;0.0312639323309118;0.22695880644588415;1.1817826072468864;-0.2849907188739016;0.34030028121400874;0.2327319970668876;-0.10562591735274024;0.1514108001946292;-0.10062293790028837;-0.006975386965638199;0.06516234092254083;-0.125627371722329;0.005549157667402218;62.345020004557895;33.43360296728792;3.0761543108733354;40.99374201861163;31.6668216469459;8.152906994634563;38.16661657190319;50.76510380320885;19.304323127007784;39.475511830836886;72.0210494562796;23.53262633400852;43.40448662123109;68.12856991773327;29.30904010046263;65.89137563085569;25.006782805116593;12.561495005453462;7.135588452954162;0.9922558549559648;-0.3646986846496706;0.0023495322657050123;-0.20848603929092976;-0.2941371942119439;0.4093819620436515;-0.18123383081020503;-0.20065386745528502;0.5235184170461362;-0.10638541690223506;-0.13740330682035;0.42177656008112974;-0.0951017234875843;-0.3460314551367133;0.38749774553947625;-0.7962234614597846;-0.40915672049059437;0.787901022800947;-0.18906164005398698;-0.2179670978669319;0.40096980646449465;0.02534948625859678;-0.13190720553656127;0.24417433933573196;0.05946361634446636;-0.09520614409751493;0.6879970737497372;-0.7194413225815445;-0.43085414315326787;0.820820215899351;-0.18073522583495544;-0.25194014196548004;0.2182766785373377;0.10250061749928285;-0.10856927262790901;-0.056113375235615326;0.10478579986641197;0.07359960000249126;0.964879604157833;-0.6196361125688599;-0.3725560952817548;0.8226543832554861;-0.1315166783003038;-0.24718963100542068;0.10947620194764701;0.10593715172689636;-0.10754625519113788;-0.15334483553145611;0.10280122402720426;0.1601931366306767;1.2111342475187123;-0.5253882662829972;-0.2210015976518646;0.6914642313053315;-0.11507579552248555;-0.18631209835354062;0.09980469744924814;0.02298047080589234;-0.11120467048713535;-0.12349517664981835;0.052033123850417896;49.543880128479856;16.816544639878988;3.1729811670804127;46.18878622952696;15.239230906314692;8.915582652243344;38.82907940690743;35.18977128863858;62.590436674424616;36.050241139528204;50.59301908172057;70.52100892194157;28.06371328599079;46.511128160156005;74.98914366381409;42.78611498566351;23.422423388487566;16.346661313485935;9.771159584419584
0.9921834978073388;0.3006136104714859;-0.30175413022643294;-0.3185741034349879;0.3196975946742617;0.16275983472729144;-0.1721262748436001;0.20502351007927944;0.39415853095004477;-0.0770507441157668;0.14196296953837415;0.30436646820724533;-0.058733995222905205;0.2949823788520827;0.364269445754658;-0.7244240328836469;0.459444101708224;0.3295319636464689;-0.15451266067900973;0.28125451441202864;0.044174288395617024;-0.01817272912053917;0.21347312386720743;0.011925190993166713;0.0006917307084689284;0.21801992635155296;0.7803242877592326;-0.5861410390398456;0.4823903168055375;0.436105036409326;-0.16590844755487527;0.30694686843680863;0.020465213469003322;0.014716344502369761;0.20437332550614803;-0.05066505996778962;0.014544876105944848;0.21714839628391924;1.0339783561622164;-0.4375905598835304;0.4309509697647828;0.3963870895361101;-0.14350384592616366;0.2487583525220196;-0.08176971773642669;0.015279287135392628;0.14929819426293914;-0.13641770452343208;0.022475698929578427;0.26234629038840157;1.1372350532660767;-0.30208560990522243;0.3236914043770501;0.2450913271374969;-0.11607181265395901;0.17714851641935037;-0.0745699355884432;-0.018504851373405018;0.09997900952461318;-0.12126333041086919;-0.003244490334966375;61.24083732356979;37.17596336102406;2.4407060872521242;43.39348063785598;28.76084891138499;6.892228186041872;36.034069199629236;41.60583978704479;17.748328039041116;34.78165602538362;62.67055925071753;24.31798154312958;38.44630507025531;59.63943813490876;27.947495184516107;62.83411195526922;26.35263347471426;13.776500741221508;8.057906314464649;0.9941433412028516;-0.36652984163793045;0.00031064044833816384;-0.20637660500751412;-0.2946464067716687;0.4188804255657762;-0.17417737402625835;-0.20034026979309666;0.5243616113830323;-0.09907407692628369;-0.14330730380993972;0.41633758648582736;-0.08754953305280741;-0.34278579984988267;0.4082348863751703;-0.7798934385120322;-0.40744443842733946;0.7790736116041537;-0.1833087479390513;-0.2202862159027144;0.39480685531112164;0.02900181251497544;-0.13333780375569326;0.23665704498981327;0.06221123955375297;-0.09440983179145054;0.7066820253809852;-0.7012041775863421;-0.43100251876082674;0.815163400481516;-0.17705507449822266;-0.2519435830881892;0.20343663212674343;0.10328971996787534;-0.10718182360602313;-0.06485120809680102;0.10701385711737198;0.07077555484757765;0.9809365973567431;-0.6000180242948524;-0.37263719414669677;0.8101086767778567;-0.1276981461590996;-0.24970589906321872;0.10541091403051295;0.1054166204201493;-0.11047174647671544;-0.14832805171029953;0.10305567739543336;0.15446174078731176;1.2238913958999136;-0.5044012890456948;-0.22149615499985953;0.682213833460332;-0.11174242652305079;-0.18646053983903688;0.09414251048444493;0.022301520645964513;-0.11199222531939894;-0.11971233092929004;0.05165191743840216;50.714934246437394;16.309392040547987;2.2527511563382165;44.92677852073149;15.524550025680291;9.232300292579017;37.89964579918129;36.623839001242565;63.6412030624572;35.49665460334248;50.96676142080716;68.25249101592723;27.633665305413032;47.49396524334484;72.654710001996;43.81657547083074;23.285402971730964;16.03211250606924;9.547156260592391
0.991254103576328;0.2773365788475184;-0.22758744860341779;-0.2866194181624548;0.30132132033148334;0.1413318952681705;-0.15609292848218045;0.22824108598640983;0.2987246091470463;-0.0729480539457262;0.17377574740931867;0.194480336689165;-0.05499618315350466;0.2949994398051716;0.4965052908823719;-0.6166111695082009;0.4137206956076082;0.361432463140566;-0.13243720210820914;0.2535468054274013;0.04982283553409655;-0.017765747424778676;0.19089130037132276;-0.00035813763725753045;0.001999895625331993;0.2124834327316359;0.8487437392995738;-0.4842363635812138;0.45655666187895766;0.3577585441148205;-0.12946788206815193;0.2637920360413427;-0.04765294459414538;0.025039376753090595;0.15911208272840355;-0.09941637097569361;0.021283514824005662;0.20001461505419083;1.0479265029207776;-0.34530733242975636;0.4126774453911626;0.2991519915422329;-0.10977321484231299;0.21183856621671632;-0.11933246188914651;0.02842707507445415;0.11295646455821975;-0.16126302643441165;0.028835951997119722;0.22967762001653474;1.1250684844887304;-0.22006411842882545;0.30376392030242894;0.1679065747959963;-0.09124378893773524;0.16036541814161281;-0.1047991484641841;-0.007726678916013999;0.08330011248482302;-0.13654920018732936;0.0049235063214467046;55.28150993660468;29.61935829434516;4.411058845562646;36.62348156579535;31.15204128775402;12.098423606009732;38.771444817804955;51.251846557941725;21.670729198680768;42.07951504429677;67.61697417497466;25.42824619544906;48.367071245109365;62.452482961154644;25.76875621072281;67.96482632196299;22.116747013443366;11.421048733746401;7.121590948144922;0.9920811300547708;-0.3689507089837198;-0.00850477114731399;-0.20042114137730313;-0.30357934853480295;0.4078905665798465;-0.17743564771714285;-0.2015951193010275;0.5239080626661049;-0.10543858939057614;-0.13488895338789564;0.42124858032282814;-0.09487063954842612;-0.35616752100560417;0.3785251568980254;-0.7870580105569295;-0.42003859216922984;0.806270077881606;-0.19132448255590806;-0.22315719873803358;0.41146562920495716;0.02270145003359085;-0.1363854776593568;0.24786748747084514;0.05899194329915979;-0.10225141492189287;0.691820825055257;-0.71479269314;-0.4467640819002551;0.841943663967534;-0.1797165625435238;-0.25370631344756955;0.22147538114825963;0.1036472413000777;-0.10379907805699602;-0.06560820644011903;0.10701837054654491;0.0701958866592383;0.9782378204355804;-0.6194607270590518;-0.39195910933532513;0.8431567409303958;-0.12978019986937664;-0.2507912240081759;0.1067591126963182;0.1080437617246734;-0.10270705670605453;-0.16711274504272317;0.10563520608788839;0.15998990459375476;1.2314252595089852;-0.5292305487409145;-0.233574682751497;0.710618335776217;-0.11399877190813851;-0.1933510212514866;0.10242243815064267;0.02458066247760216;-0.11223854831749464;-0.13085893991975692;0.0545470692389475;50.42054259129099;17.34642135985056;3.544111729455309;46.30059601002605;14.691750586877312;9.008379111775701;38.73275429331166;34.63934112838022;66.48931547505077;36.29988223120673;50.71467250334697;72.78685375949149;28.44881042419967;46.28030586008338;75.98876652993869;43.79087242635762;24.114496228716725;16.47574833387412;9.645069249073167
0.9903247093453172;0.2537091392016976;-0.160344556431487;-0.25533699061246024;0.2816588995827862;0.12097813420415653;-0.14024638627468886;0.24562097770399083;0.21212784982076924;-0.06848867105973311;0.19929268693340083;0.09660155069783792;-0.05107389489177718;0.2913990341605557;0.6053388051627663;-0.515360902404281;0.36891506961194537;0.3847258941883934;-0.1116297260659858;0.22636047569464754;0.05412106648564673;-0.01719434405205369;0.16892741528398125;-0.011028449917996985;0.0031122341668416223;0.20506800484030321;0.8978015695147814;-0.38974280643472115;0.4285110641491732;0.2852879771524008;-0.09621294575675594;0.22305598570465857;-0.10626634492353601;0.03370364371926014;0.1178283358169013;-0.1405648474255695;0.02687882947262109;0.18267348878839512;1.0472056078014031;-0.2608777783346983;0.3917396437970851;0.2109847008541459;-0.07911467843431326;0.17715771126092233;-0.15051355595246257;0.03950465071179494;0.07998976868754425;-0.18087831352359668;0.034009878981286566;0.19847253547804586;1.1007074839030602;-0.1460872827613609;0.2827235024016882;0.09877225106767192;-0.06854905152799756;0.14381495212399403;-0.1297852185351757;0.0017346725822465095;0.06778464050777885;-0.148159812173447;0.01196148257510121;48.584839798971494;20.909571604775465;14.639895128896582;30.350204760500986;33.28023944172286;17.96216393829141;43.24169392172027;61.645219881995125;24.315703224022393;50.724265910864574;71.09936144064145;25.417478838091384;59.698354973545186;62.23970369700869;23.61619649235284;71.03054540769169;18.259984024728865;9.573416970916272;6.355111603748014;0.9900189189066902;-0.3713111013362354;-0.017772705228535537;-0.19405607321090518;-0.31282220837784325;0.3961256758219445;-0.18077334896199715;-0.2028134058731115;0.5231670022965994;-0.1120797733891404;-0.12596639657074593;0.42620178163752737;-0.10252331301506075;-0.3700631923948738;0.3470851434372208;-0.7941972292457234;-0.4330736988997317;0.834469547630961;-0.19965917400234856;-0.2260644998756375;0.42878030186334143;0.016063167567995192;-0.13952235209524305;0.2595339409293277;0.05557609807836597;-0.11044781640570608;0.675840903998724;-0.728725155551391;-0.4631172633077345;0.8696873868743539;-0.18242540373931057;-0.25543253888238754;0.24033727861437892;0.10397105894606579;-0.10018873439231447;-0.06637137043350427;0.10696918888809574;0.06955080719579819;0.9749062387553181;-0.6395987763413465;-0.41208475511300385;0.8774924460888902;-0.13190474492264057;-0.2518064103508943;0.10812337571422924;0.11075259389709842;-0.09448824994434021;-0.18678663567085246;0.10829517212273788;0.16572391131606468;1.2387289795053285;-0.5550797514469645;-0.24616140749594712;0.7401366421846926;-0.11631459292174806;-0.20050112847051435;0.11107981268348358;0.026965521034850965;-0.1124410760590543;-0.1425172153282361;0.057564758206526685;50.10695512715164;18.486776624214748;4.919142732421847;47.79737291234101;13.89258439060656;8.795126353325895;39.621300481208046;32.73464987929605;69.343848025175;37.12461913391935;50.47595319777247;77.0671126739181;29.28604618926019;45.11901763308931;79.16008625875789;43.77441436441421;24.98967401064912;16.95474731402969;9.758517466248287
0.9899432810325354;0.23622081465005537;-0.11169722398485053;-0.22902402493657337;0.2656904616541118;0.11089608305155031;-0.12644408659449888;0.2547246658011808;0.15787184717323513;-0.06358766560616246;0.2155571856483422;0.03165489564089141;-0.046855123281582624;0.2851203808745425;0.6758728552970317;-0.43880382481022107;0.3399054937614202;0.3912889211785897;-0.09496520703801489;0.20584071848572855;0.05267612356422582;-0.01537853081166711;0.1514039939331371;-0.020542931581625103;0.0045082324457601285;0.19802218640280037;0.9263505508327602;-0.32040891164899965;0.409582900813845;0.22929444084565764;-0.07202612767943736;0.19269730740536137;-0.14709607804464767;0.0390143239548375;0.08827895636422568;-0.1682474580420552;0.030034130841632662;0.16987317159534018;1.041674543566271;-0.20072072544625721;0.37744807531874736;0.14381367977338141;-0.056583439180164806;0.15162341196831206;-0.1708615703524701;0.04637565529027549;0.056996805113414005;-0.19135307073164312;0.03647542867741441;0.17712002134157787;1.0788669829221695;-0.09507021908086753;0.26812773357584113;0.04687467822976426;-0.05235077650865663;0.1315015901188633;-0.146751774879354;0.0077273655358975355;0.057372820654398395;-0.15402536089675664;0.01607867525402113;43.43860928823181;14.589489054761128;22.911670011783286;26.512461868409563;34.92325941272291;22.823656910297984;48.190159470766446;68.68433669724868;24.641755965799497;59.061011123240824;71.58442797324919;24.565134407644717;70.20028276424829;59.215829140823715;21.638923816113596;71.88305287003304;15.634557470801866;8.370469707300009;5.798405943937865;0.9883923484225202;-0.37377112156512726;-0.025972382129066735;-0.18824435817816645;-0.3206176038054557;0.3855018365959013;-0.18376765884116628;-0.20291148856868158;0.5215119926072458;-0.11790898812151197;-0.11408231344250863;0.43198406282615476;-0.10927819497669929;-0.38249979357439384;0.31747196038201086;-0.8012025935035787;-0.4442202440039881;0.8596990221678564;-0.20703992451140374;-0.22828485429585;0.44472283616372166;0.010651315873204958;-0.14180985149737316;0.26990037873564704;0.05299996826318695;-0.1181163429183396;0.6599851891347149;-0.7419353608357075;-0.4773358815193979;0.8952233858133315;-0.18581396897566851;-0.2550709788075623;0.25530502875647765;0.10468040362707019;-0.095233784955486;-0.06833332945180005;0.10786826068198614;0.0684217592896313;0.9706355407327549;-0.6584698159034307;-0.42991243087283076;0.9052387873299037;-0.13379616175920403;-0.25229073955709486;0.10949633869211282;0.11388271139379033;-0.08711370818115387;-0.20204606103337;0.11139975818178549;0.16989637739182994;1.2436195134444428;-0.5792532945186681;-0.2572337708936967;0.7638598283987525;-0.11769041080285007;-0.20646044585563217;0.11867973555734795;0.029590174346039142;-0.11222367126676412;-0.1519755004691833;0.06055762750809028;49.83693196183985;19.562571070541647;6.569509836098197;49.27739221192991;13.298083774056613;8.657845999220056;40.43247110095864;31.385833142585565;72.36159489495881;37.898565329167745;50.274094725416795;80.16376471714901;30.0763036125667;44.13858356153511;81.63577713802425;43.75931797065692;25.764309266918264;17.412155639991887;9.866488404284707
0.992168967650328;0.24385625780732226;-0.11668291193335999;-0.21705567139532989;0.2665975679852636;0.14294153784930536;-0.11803166124841968;0.24483241091184377;0.2142700780754267;-0.056402794970701366;0.2114903454094159;0.06796865807457313;-0.040698638270423824;0.2753975285086647;0.6552281071385219;-0.4381260712060358;0.37433028072156194;0.34692880218005273;-0.08954281363149548;0.20953995399195094;0.028046350261154814;-0.007768822833860415;0.1482078309090291;-0.03190977451719051;0.008170234986583914;0.19641681229838617;0.9238529200360411;-0.32850603949915574;0.43480092197901055;0.218230527431868;-0.07443617149021046;0.19570214433071398;-0.1436702326058042;0.034962110617595105;0.09403015329734149;-0.16277589036815598;0.02600465109957305;0.17553770707657318;1.0556017171726535;-0.21493887162152453;0.3983166520781764;0.13031529339178546;-0.057026003731997905;0.15549814470517626;-0.16482052360812144;0.041526017430853976;0.06457784431067301;-0.17736065177720425;0.03045130199835876;0.1918516258170424;1.0991281962799615;-0.11412053503124674;0.2830882906464496;0.03809378311084507;-0.05594100497641334;0.13506280784838323;-0.14621238294999836;0.0029875738190618447;0.06462418875994443;-0.14547210819442494;0.010979117540221451;48.93482630320475;16.962722151820035;23.013677295938624;31.308990358278056;35.84076055525581;20.43644095064821;50.73821676630918;64.93776205222005;23.469108468420437;61.57605152928635;66.98740970998769;23.014783594909588;71.68854142248972;55.88458654789566;19.01058080137082;72.75769006399227;15.809721174252124;8.20119768092171;5.5359317216321635;0.9888384712235768;-0.3770169512918714;-0.02703535916505344;-0.18695053391512015;-0.3201579221490175;0.38387554116101696;-0.18478704678420468;-0.19788095997974436;0.516886111608002;-0.11863104672744959;-0.09046272073476845;0.44154951877757437;-0.1102667103277406;-0.3856989136512663;0.3044737453596219;-0.8077668027536071;-0.444431211290007;0.8663305876889877;-0.20845507372611963;-0.22710157693174873;0.4511971088836412;0.012606045522777316;-0.13967262224104485;0.27203816729659863;0.05531277665652023;-0.12166834062748284;0.6499008074692955;-0.7502171387936378;-0.4787655827295594;0.9059629912168781;-0.19222946429815502;-0.2449942170967075;0.24805344042097618;0.1073835413317504;-0.08494879964820592;-0.07596230660116345;0.11352315883400813;0.06530205836791653;0.9648978583887456;-0.6682118163842956;-0.4332008441774753;0.8959147951115096;-0.13439998163960168;-0.2506014516722939;0.11084776229818073;0.11864931956176257;-0.08583127857825446;-0.19230978313914954;0.11625705612171403;0.1657338664858454;1.23823283861711;-0.5908660531270717;-0.2588204015190797;0.7550630154656676;-0.11434507753022821;-0.20560161490439224;0.11954670136825842;0.03287198452557918;-0.11022486136098958;-0.14866845732012515;0.06287806517163867;49.86017093046479;19.871652790421873;9.279760234012878;50.12602956227313;13.520728373795292;8.835006693205875;40.62850423818777;32.32874336983001;76.03659738499107;38.32982372429157;50.20416414347647;78.77222642178086;30.553268192062824;43.80383527790668;81.47532600842004;43.711430907546415;25.861003041267395;17.604604935331484;9.876979098590938
0.9943946542681203;0.2518629310594736;-0.12191441236213495;-0.20445736932951772;0.2675297227517949;0.17661562579118098;-0.10917922113738333;0.2344142354750631;0.2735376042640354;-0.048845677955649994;0.20719840451625426;0.10613551861121646;-0.03422379919717001;0.2651549747542569;0.6334742147170661;-0.4373784982105834;0.4104869214518145;0.3002705011973892;-0.08383572053017195;0.2134117151143526;0.0021537695033134194;0.0002309750287604137;0.14483620312864492;-0.04385581684366326;0.012019004674356095;0.1947135247412569;0.9211533793222751;-0.3369912388267515;0.4612747432026271;0.206582860778449;-0.07696359322796174;0.19884507696834117;-0.14005753105596053;0.030699700408453767;0.10006815811383837;-0.1570112339461531;0.02176685626415186;0.1814780792825709;1.0701570423633715;-0.2298674712107948;0.42022134868901917;0.11611560639091513;-0.057486646145204774;0.15955871847552372;-0.15845707806958131;0.03642484395850577;0.07254170489390065;-0.16263787508106844;0.02411641709033231;0.20732181392681875;1.120338248870571;-0.13413670042817336;0.2987918332628517;0.028860424778606692;-0.059710496605735706;0.13879545946501254;-0.14563366054173754;-0.001995041293945483;0.0722415018788446;-0.13646943279242996;0.0056176826948030455;54.4886414791966;19.069020398790318;22.06824095474956;36.873083597579736;36.67604836286908;17.97274601478007;53.22833372291676;61.17552077239654;22.171120340102874;64.01871921420489;62.30567834578907;20.979658945927632;73.0631302078914;52.61552310797946;15.947028361702358;73.74541607327849;16.024402026087657;8.04907113832908;5.310695821999359;0.9892845940246338;-0.3801816798022115;-0.02808931193897294;-0.1856277148160619;-0.31964179942612597;0.3821857269005824;-0.18576889330721771;-0.19283389040081508;0.5121841177536561;-0.11932874284665426;-0.0669179621417819;0.4509977150963752;-0.11123135437630814;-0.388815534302078;0.2914703996179405;-0.814158758375473;-0.44456054772125214;0.8727789900086119;-0.20982684819950517;-0.22588157641626846;0.4575643143088508;0.014550928338080079;-0.13751825473155638;0.2741182263230699;0.05760658852367173;-0.12518448653244482;0.639737221267952;-0.7583304899949412;-0.4801026996062138;0.9164963500911397;-0.19858521024814027;-0.23491184974893062;0.24078477156181038;0.11005670541890747;-0.0746881161483344;-0.08354798662919076;0.11913555911413555;0.062182539771028104;0.9590068934228049;-0.6777946585844632;-0.4363977751930614;0.8864639243751516;-0.1349770285683677;-0.24887312301667366;0.1121738063924162;0.12337593073623293;-0.08453819766061599;-0.182576163877129;0.12107444158457135;0.1615573055542519;1.2326418212874224;-0.6023264880163244;-0.2603538362220267;0.7461628991311987;-0.11099188059686405;-0.20470871645681016;0.12038857815897439;0.0361351338676807;-0.10821373303606448;-0.1453471611537386;0.0651781011491958;49.88524666047637;20.185510999581368;11.960396930048345;50.971340174840364;13.743265291788195;9.012512501381464;40.84130592471734;33.31480801686247;79.51004095586919;38.76021102058293;50.15883312333206;77.27354983499444;31.041787769373585;43.47434827850032;81.28479644878057;43.6767175574387;25.95189789162358;17.79678734013327;9.886607134039004
0.9960815732925636;0.2554087643721697;-0.13588043648885217;-0.20656944408998756;0.27113557688068385;0.19696605152911667;-0.10873360364566721;0.23108434114818197;0.31632244840086665;-0.04630264756100678;0.20775978383995578;0.13310066573684218;-0.03176803672378255;0.25892749447058905;0.6071380641923174;-0.4559065041952739;0.43554259789771177;0.2728092103079236;-0.08566058385233946;0.2194078241234374;-0.0178965518318669;0.0038542630149866475;0.14551577906935537;-0.0569938420264281;0.014191291163939657;0.19675746534225907;0.9129164680259707;-0.3575891808193822;0.47797659446700635;0.21520501938099798;-0.08670174474565144;0.20789332613901085;-0.13188538016466167;0.024481386498872087;0.11110996433934821;-0.15244774581789325;0.017923142978084644;0.19204529937066347;1.075915948793266;-0.25057685974252886;0.4334857616512779;0.11766879279465077;-0.06574376235943107;0.17007242065391626;-0.15088817732819493;0.028580301097965576;0.0854462263675041;-0.15244929834019233;0.01839135918961505;0.2276870403038669;1.1303765697913297;-0.15410288119485496;0.30947630988145014;0.02912679875105714;-0.06786529797163435;0.14555595402038554;-0.1435002115160586;-0.008223382383666569;0.08268344681637202;-0.12997455710030342;0.0006297999755860977;58.76415941629989;20.716177985164713;21.051754379757735;40.57516929025562;38.03721465196588;17.213811722707746;52.761709929108505;58.408339039842744;21.42257972387608;63.600106642267335;58.669080654817094;19.05768044501583;72.08641341373169;50.47133385597758;13.188314606012408;74.16540629655509;16.729141792074017;8.272557985861052;5.445767912485038;0.9899664534987836;-0.38163605691998337;-0.02673028491926466;-0.18655855791534318;-0.31782490657901685;0.38380388328670934;-0.18650543918760185;-0.19047626194469108;0.5104859437963235;-0.11921210086004831;-0.05525551972279177;0.45724125582263087;-0.11112367175864674;-0.38636926684293793;0.28688064412199116;-0.818813995031892;-0.4434080493604739;0.8742675078139219;-0.20970907143505885;-0.2245753759657624;0.45911877355985;0.016303036764699682;-0.13599207319887918;0.27489339707860194;0.05903278007718751;-0.12355904604750496;0.6347818404787876;-0.7627484363393959;-0.4794031503736802;0.9198840202418328;-0.20168479079018123;-0.22782590386314894;0.23322637566883284;0.11165149328916693;-0.068135308130623;-0.08866939261130903;0.1220382204172179;0.06319081528857598;0.9551812561568943;-0.6819899556025116;-0.43673912375648627;0.876976099341822;-0.13478185370173845;-0.24664981318284976;0.11137225039673469;0.1253932005264424;-0.08366683679301765;-0.17517713014949865;0.12277260091225717;0.16056317460528302;1.2270154505282118;-0.6066803088256971;-0.2599204820920589;0.7372883659747281;-0.1090344033767334;-0.20274401923420093;0.11987705852525189;0.0366593462118234;-0.10645040224740861;-0.14049291092470692;0.06490749646401248;49.91505107227554;20.09592441460795;13.280675860662218;51.411626305436776;13.92640779033017;9.071745471959375;41.04408577231262;34.18866277014712;81.46224985068298;39.10391042357603;50.28077752517883;76.0455716594038;31.3446211999439;43.232141168938156;80.85034096405774;43.642140732769974;25.895307480238305;17.861374460009174;9.86550815708604
0.9962222157127874;0.24437197985878725;-0.17462348852442033;-0.25291308378024135;0.28190485000279786;0.1738690979159987;-0.13377554296484176;0.24928091625112936;0.303182044681986;-0.059262499330944275;0.22262706548575742;0.12247838079101973;-0.04179816657700072;0.26511355967807404;0.5685119693296208;-0.5301841687946552;0.42288162202823676;0.30652761313463217;-0.11009109878238875;0.2307278858924498;-0.017768446902221704;-0.006310955952038518;0.15817322061633496;-0.07214193655612235;0.01096419819560408;0.20958346508882172;0.886734718274331;-0.4120392099889348;0.46188599546080944;0.284270703273131;-0.11715504402194123;0.23348664185746937;-0.11044086566938706;0.012950133346170558;0.13592513706732634;-0.15174497526310318;0.015684691193352633;0.21511368255285118;1.0518195863950874;-0.28602146878379825;0.41790419461586403;0.16689390800047435;-0.0967199900353108;0.1987180518987892;-0.1401787638318808;0.013195672772691298;0.11177337781182765;-0.15694459306307174;0.015145084772399274;0.26017173019511347;1.1026972848014849;-0.1712930288746766;0.3029377658215994;0.05830917548300742;-0.08832953691964823;0.16047193818925073;-0.1365524803202427;-0.017523898818896946;0.10037456067350031;-0.13160068563090577;-0.0026468283546718444;58.94121994512015;22.590412692305858;21.49926539434392;38.152491561731175;41.30817357753208;20.758055774665834;44.29454870943272;58.52065550484861;22.83739255436837;55.02921449004096;58.617649799028776;19.348886493539453;64.50935994374832;51.54103375502091;12.84021609400157;72.01048201112444;18.66401325713662;9.556087173800298;6.540115409957606;0.9913248831803106;-0.37833403738236204;-0.018570043773625613;-0.1938845484526219;-0.3124051878202696;0.39482998433672095;-0.18658430013282398;-0.19575477607040448;0.5173726518567157;-0.11682095177867553;-0.07717858294590842;0.45451077737509177;-0.10801166739540578;-0.36830571384413147;0.30610972264220143;-0.8187151380616732;-0.43872900353865263;0.8619252445338512;-0.20542891498119364;-0.22307445121109237;0.44717524913570916;0.017508821231958124;-0.13627067293898784;0.27203755588073303;0.05801735067606016;-0.10745081062011615;0.6446680691093752;-0.7568734398615594;-0.47305224021971165;0.9032745312875547;-0.19562406607988242;-0.22926465656660222;0.224919927260624;0.11021970078956195;-0.07208199280991935;-0.08683695423534649;0.11730770954627869;0.07585935489134682;0.957386335637787;-0.6711008556594564;-0.42910599515530834;0.86758729748728;-0.1324343773431449;-0.24308520205371748;0.10459002459650747;0.11978183565149098;-0.0840050913544327;-0.1744252709629704;0.11568568069884276;0.1685865021485254;1.221550021212808;-0.5910821677570061;-0.2539886600110492;0.7286597730016573;-0.11104409837018206;-0.19780042187024602;0.1155708759107561;0.029458435564932918;-0.10541307081127167;-0.13135476516525108;0.05739486104436384;49.94346493901328;18.885182288410057;10.894612885020617;50.729618224706904;14.005883268435841;8.789630197395242;41.1988307306044;34.6386366562403;79.65670840330458;39.20435804236132;50.8433709039748;75.83265633437242;31.094510564024887;43.23964712112688;79.68256960109437;43.57715981671482;25.43282829650948;17.56831061397616;9.765412140820441
0.9963628581330108;0.23210684471870216;-0.21359811883653565;-0.29935971348703144;0.29181621089837195;0.1495355134073493;-0.15888454252009263;0.26692520971734773;0.2885308214018299;-0.07229645818244755;0.23696819938040295;0.11111934197491248;-0.051901725418705615;0.2703990377520997;0.5267201329551415;-0.6041335784130075;0.40824816761145716;0.33983675816576153;-0.13466773128852882;0.24140539532933372;-0.017567071641516507;-0.016693066721204644;0.17050666975691572;-0.08736529623494;0.00761700019725676;0.2218863040448989;0.8564256332336743;-0.4661562000205456;0.44358717705147255;0.3538560123605775;-0.14786982713812133;0.2587660669682437;-0.08804970697551678;0.0010933683135793421;0.16079347978137687;-0.15042577428121331;0.013330998561387261;0.2378807180670629;1.0229930687266129;-0.3211789292801642;0.40030033866392345;0.21663052069986385;-0.12805090353814846;0.2272598169007998;-0.12866056996864744;-0.0026071106750904;0.13828511979712962;-0.1609265713396566;0.011761725711232884;0.292401015010758;1.070001532081475;-0.1882151676683069;0.2950464276566999;0.08795536522076068;-0.10893153852613714;0.17510857653480608;-0.12889979164055135;-0.026976420875180478;0.11808986064796227;-0.1327454011267935;-0.005990948036035312;58.26026034229563;24.484880055746665;21.72125645407946;36.887065026251996;44.498029399176225;23.782446996784333;36.65791340067033;58.61745999772564;24.498753077622297;46.424509267092304;59.08976707218991;20.153742591885404;56.856897662619126;52.79546683206302;13.004674421682232;69.11984278329686;20.42346980756337;10.862289062513101;7.675737179039583;0.9926833128618378;-0.37495728023966113;-0.010572932999549808;-0.2009841676049616;-0.30697991915784956;0.40547627897463495;-0.18659069675856085;-0.20084890830899638;0.523919366864552;-0.11443532880761068;-0.09861515503253286;0.451664728497363;-0.10492356595225225;-0.35047907586848603;0.32482159925765147;-0.8183075922220644;-0.43398101404488854;0.849513223295452;-0.20116004725604983;-0.22152015782401646;0.4353110731926807;0.018682813886294048;-0.13649173985879282;0.2691380179541395;0.057001076684314166;-0.09163772255625433;0.6541034347119765;-0.7508336863132195;-0.46665422481782953;0.886668581295728;-0.1896154847032698;-0.2305863852109604;0.2167013364181402;0.10877593293812904;-0.07591901149694648;-0.08500977095436568;0.11263132655255488;0.08823490373038045;0.9591820446450009;-0.660184121643721;-0.4214691816769191;0.8580649952530748;-0.13008559010417248;-0.23950266444841542;0.09790954153388856;0.11424202946019363;-0.08430440687527059;-0.1736228868822628;0.10870264605833682;0.1763785176977636;1.2157349213934925;-0.5755849697101351;-0.2480841402549915;0.7199345569330251;-0.11296973416276096;-0.19288484450976304;0.11131063119590517;0.022396516024461643;-0.10435736208300257;-0.1223573351864641;0.05001711412058844;49.956380311524235;17.75218801025084;8.556758726774971;50.09612982921018;14.098409766939048;8.50635359381876;41.385056021634455;35.11342625598731;77.79431351846588;39.30917575526188;51.44094350062583;75.57263463823591;30.857198098311216;43.27003367760746;78.32258640448437;43.51453339897301;24.976076665094105;17.287196468627034;9.676298508366743
0.996111590714774;0.221454515462324;-0.23456914613802532;-0.32485746489529627;0.2949221647449636;0.13128450656279964;-0.17285969770675794;0.27725609610976104;0.27134953520845306;-0.08045444622867334;0.2447323782914554;0.09345016547170736;-0.05857647146862651;0.2753804297084582;0.5106383371325149;-0.6362265729770171;0.39607257065508594;0.351169459879735;-0.1491824417316857;0.2454538061564493;-0.021955092148692127;-0.025730092528986424;0.17556700773302322;-0.0994093948433926;0.003554559033547806;0.23172165112288562;0.8418547853523544;-0.48742752977260656;0.42814495336859354;0.37662810866016233;-0.1651551309804159;0.2664447885356717;-0.08299597373879189;-0.0076294741618468664;0.16894968400716504;-0.15078620408985605;0.010830189359544887;0.25357433932188145;1.004916148753353;-0.3329058418262912;0.38634526867985053;0.23115170609594168;-0.14610465370201195;0.23657437751482627;-0.12698450747435322;-0.012502776448159338;0.14749962839730885;-0.1634996525953677;0.009632217306238876;0.3123458468545778;1.046956941205656;-0.1909201702695042;0.2886494115625318;0.0969629976214312;-0.1208223694212325;0.1779206125549158;-0.12797638838429576;-0.03226864078018533;0.12326872938275486;-0.13431920000259903;-0.00735540260875975;57.25900566799669;25.177822510391028;22.966712154551193;35.955771292945414;46.76132325745094;25.34688094417719;33.19582531261573;59.5156208056055;24.81618359321675;42.66248699890385;59.86468630141576;20.37996292041652;53.77034847988614;53.81442786519872;13.15443893889049;67.96559522735353;21.005589891688157;11.419506911409776;8.245161676456881;0.9931629536704156;-0.37336831181514907;-0.008264526793426083;-0.20661931546526235;-0.30519314773047607;0.4115030000881001;-0.18769845680417305;-0.20460806306713072;0.5303287003330017;-0.11387930926882986;-0.11282489183388113;0.4507157020590935;-0.10385562332318606;-0.34213173726843266;0.3308646851264205;-0.8209765594376192;-0.43290509742386407;0.8473833665607964;-0.19911473866447235;-0.22136417950434017;0.4290036376377461;0.018792638264133694;-0.13754554174285788;0.2693892614888658;0.05566018041918301;-0.08315425101242652;0.6563659846808235;-0.7498460273233001;-0.4648968854535723;0.8788420813860757;-0.1860863887632974;-0.23259348560165977;0.21336246189097496;0.10734195095164584;-0.07970924910279728;-0.08203948327326865;0.10857101627698874;0.09539813898751322;0.9585964073850896;-0.6559804889081439;-0.419356342905954;0.8563204345721431;-0.12911343611209916;-0.23777762779453104;0.09561427205570491;0.10971252040361977;-0.08480898505979992;-0.1720980324024304;0.10299732621365756;0.18114651696743783;1.2128557978331684;-0.5683802681971362;-0.24674221168331706;0.7189121255482483;-0.11460049299647443;-0.19067063005371168;0.10921705108896713;0.01760136359634631;-0.10441191748997943;-0.11768023397785096;0.04466277402812998;50.115426959414016;17.270707869019578;7.006545284778759;50.08555014509512;14.049874980713101;8.201098698409371;41.71565718422056;35.166428498108075;76.03333853594708;39.479796897361325;51.37911686528173;75.68406104547941;30.804243669853175;43.186598983347025;77.436584845846;43.32646210894828;24.831922326442786;17.234174150987403;9.697681995589903
0.9945155348966822;0.21859040840919994;-0.19466084895957506;-0.2797140079921237;0.27673294366333434;0.13598932334413125;-0.14924885471919194;0.26375545808315537;0.24907681236479853;-0.07197319671897856;0.2311925413641732;0.05705236286405462;-0.05346699512469707;0.2804786500986968;0.585118759064088;-0.5290157248927508;0.39570222694711604;0.29002412168607655;-0.12949637447004064;0.2284058688100974;-0.041359622404784135;-0.029508460682158146;0.15686081538446378;-0.10020035673727536;-0.002463334489253752;0.2336935195257692;0.8863511148362807;-0.3997111959404455;0.42636284079739206;0.24293944652652155;-0.13680323660524613;0.21613051491563892;-0.13686858337906466;-0.005041918594688271;0.12145257343545876;-0.15761849460598462;0.008156477425073328;0.24555231795028426;1.0305676107028032;-0.2671482596986247;0.3882968974389911;0.12792932082974373;-0.11883858713710717;0.18211832632391808;-0.15911393834509185;-0.001733499315490974;0.09887101209535652;-0.16207762106953683;0.011965138954019015;0.29108438009341125;1.0647261777560277;-0.14699154042729334;0.2896122997198887;0.03668545718148531;-0.10312270024869298;0.14200348015535563;-0.1503888617247066;-0.023316880176376654;0.08677468540695962;-0.1379658806256862;-0.0020115460559275242;56.88679769133263;21.838488627171277;28.881055450683444;34.71307481836065;46.17991311466513;23.165511950705124;43.4801517063556;62.79678045483683;20.33438901603518;56.175610148266884;60.586442523208575;17.918270438388767;66.31003368715182;53.85220595792739;12.54501635886271;73.65564899559922;18.13161233136217;9.49562845814147;6.824094432814426;0.9906271430504036;-0.3780220638738554;-0.025474585136441994;-0.20782377836820082;-0.31601570288382336;0.40229632599579707;-0.19283130845299737;-0.2042038964355337;0.5371538264665865;-0.1196763653680526;-0.10338979002084764;0.45649011101345655;-0.10974733707833051;-0.36604476617660175;0.29370775994613135;-0.8350016234248901;-0.44468963445711096;0.8811603438844849;-0.20468985091694564;-0.2261591400854417;0.4415890351356819;0.015230686189944106;-0.14166127806799958;0.28073567866683324;0.05309254923569477;-0.09932573438516984;0.6343005870471315;-0.7666793095946381;-0.47931139283336444;0.9011758590539338;-0.19091584124239727;-0.2372923550478896;0.22674210398283096;0.10585922578045612;-0.08374386473379028;-0.07485932756269077;0.10631287729332078;0.08521745154555552;0.9501884751945736;-0.6750019536107931;-0.4364220764526562;0.8818354799311235;-0.13289055917687015;-0.24245387663883972;0.1083615320610761;0.10830828357494729;-0.08611825822105824;-0.16800865499201748;0.10122823544126217;0.17597626018710869;1.2205131106146867;-0.5895456347863862;-0.2612283537348607;0.7448877414676307;-0.11542472895885117;-0.1977139034063009;0.11449531436396401;0.020217471580482538;-0.10837779481360761;-0.12760232939410934;0.045835458982385294;50.80969414192026;18.84864707343986;7.9917511317596;52.146080622250395;13.478726219046619;7.832589662897577;42.5003642940063;33.718690520006646;74.61252809499157;39.87854937412123;48.95728160817375;77.17505537435107;31.347536101318763;42.641250726028005;78.78295161023341;42.65355452947435;25.736310906562533;17.95287768288361;10.083583148550948
0.9929194790785904;0.21405439680916002;-0.15604286861315955;-0.2355168914320643;0.2575105337214185;0.13917144876255472;-0.12610749685918626;0.24898473745489055;0.22631317700957998;-0.06350225345234609;0.2166663387732041;0.022870360395787347;-0.048276570100509765;0.2827789330990685;0.6490126055672532;-0.42521885343864185;0.3919471638026688;0.23092666175627705;-0.11015814436111311;0.21065657814259547;-0.05896391258232353;-0.03275127937718823;0.13819359068418624;-0.10006841501312544;-0.00801229014078486;0.2335034762691458;0.9198938822677365;-0.31507359765079707;0.42103663946640996;0.11710148406923376;-0.10938085624163214;0.16769556128722637;-0.18555312619285672;-0.002603383747858986;0.07644164168559295;-0.1625833068041596;0.005611337867570741;0.23600960894601647;1.0454238310004034;-0.20397894563844002;0.3867549243268;0.03128289447875735;-0.09257617050732815;0.1301430172277543;-0.18748103740180874;0.008249555757819636;0.05300748020852721;-0.15936373150235064;0.014021325673930541;0.26889452423026555;1.0719920030670003;-0.10506338458650616;0.28800613230140476;-0.019424141156052434;-0.08585052083816144;0.10753382736693713;-0.16983712669888174;-0.014830008527563408;0.05224729596893759;-0.14015154445937764;0.002952105365034973;56.04161133219455;18.288308191733456;35.523821343866096;37.28363393339417;45.50673689900023;20.98978911987281;57.73420717652559;64.13135027992202;17.0897100423186;70.83580387129788;61.33129785394671;16.559994282064554;78.67762284979634;54.16016785172219;13.035105296941941;78.29137060860054;15.17619161134289;7.730533126411639;5.512418401894504;0.9880913324303916;-0.38248800020223617;-0.0435137596662457;-0.20885753023318535;-0.327026605885229;0.3921843680946311;-0.19800580350928645;-0.20355289623855982;0.5437226526203472;-0.12562936862267296;-0.09336985711447382;0.4620454230616543;-0.1158107365584898;-0.3907427640673936;0.25437363294049686;-0.848798427412812;-0.4565675966860098;0.9156418487902515;-0.21031547495879185;-0.23094191140980602;0.45431119846689366;0.011474370914422282;-0.14582479231213505;0.2923357085802461;0.05033805887295919;-0.11619260633747795;0.6104317291761796;-0.7835000843953261;-0.4939119137330932;0.9236218491770005;-0.19577394839349543;-0.24196188841749802;0.24053659440110314;0.10418511169219838;-0.08788651425159891;-0.06723835436813903;0.10382421502002855;0.07443496241771305;0.940306806396132;-0.6942217012187354;-0.4538535201810972;0.907642697831272;-0.136708327474458;-0.24709393236483634;0.12162355631605908;0.1067138492450893;-0.0873971540519017;-0.16352903092538498;0.09925863027485875;0.17035306256815305;1.227196947169701;-0.6111109622995584;-0.276146184300217;0.7713305086850574;-0.11616188851391836;-0.204888576028208;0.11990943055646615;0.022941468277601646;-0.11242093400954094;-0.13787708041309932;0.04701568203668007;51.48393371427961;20.52429218385965;9.007663304692057;54.332112127913405;12.912944561033978;7.4823256862541605;43.36876941965268;32.3043926697533;72.90835786816679;40.30252757737353;46.5611457885001;78.58066722738373;31.896630662229335;42.11194363322394;80.05463633910563;41.90493355300677;26.627395654210783;18.71313343753739;10.500109640130031
0.9915198524348728;0.21532541184128354;-0.1347323302037753;-0.20501681391892138;0.24760981605854948;0.14165466997864143;-0.10995806716261576;0.2367950601274824;0.2177949852559979;-0.05664025524005724;0.2017212753726231;0.013871764470329269;-0.043580331159447955;0.28501671993895666;0.6779397540675853;-0.36434975080530624;0.39441374067124496;0.19154590508786676;-0.09845922087834688;0.20211342522945513;-0.06921025811996209;-0.033159737176695646;0.12766212953675368;-0.09825432128190106;-0.010000592532783051;0.2334025652431692;0.934820784646058;-0.2676440605200064;0.4240429971772512;0.041430697054309455;-0.09236683052773643;0.14065902640178063;-0.2164912300897167;0.0016884419236434212;0.048932959853664686;-0.16810446184412173;0.006175380973343549;0.2295530038670608;1.054095447961588;-0.17092531949948764;0.3909417313248012;-0.021604189924080676;-0.0768169147670841;0.09958822670817472;-0.2076033956527567;0.016976163195088854;0.02382940462169677;-0.16030839552041531;0.017611458809461803;0.2545348364470948;1.079351778241593;-0.08591653525512383;0.28991062447942995;-0.04684572724315058;-0.0748997525064962;0.08791006366145569;-0.1824115384329251;-0.007755978989366014;0.029937080630687063;-0.14405904675905706;0.0075933392765476235;55.32545613002152;16.593476315043937;37.98485964862734;41.0491338742068;44.13764893317539;19.297666216062535;68.12593249487288;63.330290128114505;16.85929216685049;79.40930672950172;62.79597301778657;17.214782402472924;84.95151976611417;55.695728081328;14.903565226779746;80.38885799406047;13.576135638087099;6.737089660674733;4.676070941469729;0.9868520339263672;-0.3850872114049686;-0.058529286871667294;-0.21089327826859203;-0.3355000651437079;0.3817246447908323;-0.20172803344062198;-0.20104909475062083;0.5464934248473359;-0.12943023227488598;-0.08456571712248273;0.4650193053028963;-0.11961756219706769;-0.4051676199089407;0.22344509327065795;-0.8605667934877249;-0.46600767323002634;0.9352600560101035;-0.21444284698278993;-0.23496221227552067;0.4623192283264777;0.009882968756733543;-0.14893955826240876;0.29781637203693556;0.049533100473091625;-0.12605957599886242;0.5913153634953602;-0.796526913665406;-0.5044817209288849;0.9358530422810853;-0.19933379062131162;-0.24536639586333545;0.2511990534229396;0.10388966265864129;-0.09023813069410283;-0.06159984511332303;0.10320013195889166;0.06754790383349146;0.9318303593394319;-0.7080870618165546;-0.46574538418677514;0.9202915658267353;-0.139449349920955;-0.25027878220890604;0.13067515780811412;0.10695517503645989;-0.08788533765667994;-0.1604546374346198;0.09925901628057089;0.16617647818256984;1.2309960433178033;-0.6259543008193585;-0.28583252725450753;0.7851126691492109;-0.11763484099305904;-0.20949020238070404;0.12285201099587169;0.02474379407055595;-0.11445230649907243;-0.1440787192149485;0.048432346075582944;51.9125517050697;22.112214454279094;9.766144917805052;56.03201679552183;12.697183930996292;7.37852738151816;44.1789053503766;31.383450623750885;71.58147813189628;40.71370542081997;45.075305957120996;79.32117670285554;32.24827989691965;41.853192637947096;80.7393662908404;41.439830116160785;27.245472367911375;19.285953515153075;10.836340426422778
0.9907832782186272;0.24148069259744104;-0.1679746289405361;-0.21491824302339424;0.27134279184059196;0.14561364050743403;-0.11433806240424017;0.23410764341366905;0.25963924449916914;-0.054045127044273576;0.18428345200293786;0.0882320773342162;-0.03982676154158924;0.29384623152647105;0.6116677910471244;-0.4365768749463571;0.42738637424473463;0.20974626431059412;-0.11084662988261501;0.22633122459494717;-0.05935359561123629;-0.024703658209276454;0.14394837155252757;-0.09210529639641907;-0.0007096118482596934;0.23849310132621834;0.910998731030971;-0.33645557311443514;0.4656029518075399;0.11158379770362929;-0.1069067932607065;0.180278613001061;-0.20220122578475777;0.013889672502386673;0.07263210080104766;-0.1810386981576957;0.017720503111510032;0.23621368803288176;1.066892854147287;-0.2328880834365994;0.4244845211221009;0.05615149218384027;-0.09305446390216665;0.13364867775474587;-0.21101369257349253;0.024858520680503274;0.04193852858040434;-0.17750162665214897;0.028103480444773038;0.2672608870435403;1.11241060982281;-0.13981262434543423;0.31063127984898303;0.013268050845856447;-0.08329001172598251;0.11401932537329056;-0.17975582256294623;-0.0031708434907678673;0.04217796582791057;-0.1582913829082542;0.012939890468453969;56.73621021809618;22.302344314103674;22.14997835463408;39.97093671514134;40.83236721891995;18.79754868902938;59.54358774625052;63.251960295166874;19.935379644795734;68.19493749886524;67.22937106277332;19.148928679175565;72.84528776208705;60.92773768010776;18.258840480072514;77.81564933682608;16.367219096708826;7.913969756126354;5.163710368790773;0.9899891500180436;-0.3820995896549641;-0.0608290050726697;-0.21679885386086012;-0.33494320109982273;0.3730428862177483;-0.20049653316610558;-0.19320114764276292;0.5374946802266937;-0.12558842518760419;-0.0816884589772417;0.4601371568303041;-0.1153847318075787;-0.3829843621257692;0.22744091651439344;-0.8663312480327185;-0.4670522876967622;0.9033046150629284;-0.21343493626711;-0.2364889187201246;0.4542470714488058;0.016097695176353986;-0.1484194082333251;0.2821843402563883;0.05579502808243566;-0.1104650610189915;0.5937924428997643;-0.7969993758148125;-0.5010752852230154;0.9138408174073969;-0.1984925503167648;-0.24466714087318506;0.25012706879100866;0.10878239249741474;-0.08630053517760282;-0.06396196597274305;0.10950180174639705;0.07552427220410159;0.9327737168825706;-0.7035439984244678;-0.4580775756313117;0.8883572189090634;-0.13848608369779047;-0.24875171099572344;0.12409688014313477;0.11389565379815111;-0.08584927102586844;-0.1633009178710467;0.10643714369364693;0.16826121511105918;1.2283641360752307;-0.617203708998195;-0.2767707049700656;0.7553964371354969;-0.12182614422616281;-0.20513180391125135;0.11715880757372917;0.02314037914177237;-0.10956222031534794;-0.13563177449746405;0.05060687495093595;51.59742045464268;23.122843048504667;9.56256822909051;55.779835421627844;13.654907574917054;8.129135647582363;44.540827070954286;32.02517590080812;72.36438282333579;41.0099593582586;46.564623318658214;78.08311628364363;31.918579769039763;42.4726686873499;79.63228373726756;42.14739013793208;27.017461401369683;19.111910992661528;10.81072823249756
0.9900467040023816;0.2703154797001259;-0.2055556674457746;-0.22500451039205685;0.2971563324961838;0.14924565879368534;-0.1186704138028129;0.22940583747128726;0.30662122627924293;-0.05066020599595548;0.16274006638650973;0.17422892781623292;-0.03518838382335048;0.30215416326781325;0.5303884960596853;-0.5177500026397536;0.46291101834470477;0.22953102725462562;-0.12452673059047066;0.2530116494546486;-0.047477266274108997;-0.014690981711098438;0.161946167137574;-0.08432637400633387;0.010114112931838393;0.24281894059399564;0.8771400764764238;-0.4143238447491807;0.5108704844756338;0.19252467988663305;-0.12311991533362422;0.22520309491014104;-0.18420299625965728;0.028004203173894193;0.09974091443596729;-0.19488410011938595;0.031045292547106754;0.24238320914135447;1.0746289416155903;-0.3034769012575758;0.4606925790688584;0.14631758258863906;-0.1113373957576096;0.17241297617547469;-0.2135675334428782;0.03387023017543052;0.0627441594474532;-0.19633020732237014;0.040132239441430774;0.2802847402799781;1.1434345527423486;-0.20163329281919057;0.33267321189544863;0.083178915127486;-0.09250068707319847;0.14365663994072328;-0.17545599365062864;0.0021896525752351276;0.056148669785129675;-0.1738011538475165;0.019078812946296028;57.9386797974455;28.42300259594033;6.243540944064606;39.9581952493283;37.957019056079126;18.05582095840458;52.081273948305494;62.26061859138554;23.58664094007005;57.72108341722117;71.11122501427232;21.296751358599472;60.79363379748579;65.8178305725309;22.036965236584432;74.13300059498576;19.798102179666554;9.438275399727617;5.7769402097534845;0.99312626610972;-0.3790879376162988;-0.06306164863798742;-0.22251757694444327;-0.3343182790974763;0.3644690483836425;-0.19924476233270166;-0.18548547554243586;0.5285714340206162;-0.12180389461156005;-0.07885707905447124;0.45525534030931974;-0.11122054915474125;-0.3612143233729913;0.2312908443082508;-0.8717554757191863;-0.46796049790428806;0.871859658428715;-0.21239854024166402;-0.2379238188158739;0.4462493658224203;0.0221669090369424;-0.14787533104109454;0.26684052814050635;0.0619007971267359;-0.09519930910469607;0.5960699178631602;-0.797268928633616;-0.4976256809914837;0.892109933933843;-0.1976226286728896;-0.24392483688764818;0.2490192132678182;0.11353739307530387;-0.08243187075730664;-0.06625483475921672;0.11563345952987478;0.08330065407160187;0.93347070080847;-0.6989348583740608;-0.4504740798887111;0.8569364791234714;-0.1375113835368088;-0.24719947174780219;0.1176386018938139;0.12065050301855336;-0.08383890902633283;-0.1660429635713632;0.1134260237372299;0.17025787680746887;1.2254960729188922;-0.6085037438677523;-0.26784867443244753;0.7261753165276117;-0.12589255888280101;-0.20082327844831582;0.1115671056415721;0.02156792681958512;-0.10475716422669851;-0.12734463468773163;0.052719646586489435;51.28670599889992;24.142694015332353;9.355344837502722;55.57635514524932;14.625437489358617;9.00718344303164;44.92368603943891;32.668263537839266;73.0616331848489;41.325592236768905;48.045743833989754;76.80611928636645;31.597440742824077;43.1113964587615;78.495143683966;42.8456858729265;26.790092242282746;18.95355870520481;10.794361614266304
0.9899728346648726;0.2855832066241157;-0.23010695891464156;-0.23665553309089377;0.31439190494880986;0.14216171256224955;-0.12479813132056755;0.22980848373441834;0.32333782148257556;-0.0507711681478494;0.1518788647590861;0.22353438346988871;-0.03441444680236365;0.3031646916514907;0.4775107470516684;-0.5751855164054166;0.48226477958406;0.25235794114934335;-0.13453127843833124;0.27094581805109785;-0.031449459122426686;-0.010261633858906154;0.1755494235901274;-0.07314929125310976;0.015738932697660867;0.24207455601967606;0.8506100211629274;-0.46675743296179106;0.5364079620522881;0.2574903047074708;-0.13301675301908503;0.26015997843122673;-0.16005194186853486;0.036394851163830844;0.12436341990686574;-0.1997755118090569;0.0388196629854758;0.2440638789619542;1.0699798641310045;-0.3487458091370289;0.48000938312849833;0.2154428025921296;-0.12234701837767581;0.20323447485793825;-0.20621749962099564;0.038168682433068424;0.0830482560167291;-0.20758789579877202;0.046622516765174364;0.2877102733977221;1.1509735261151135;-0.23913696345222432;0.34434902497674263;0.13340548410222824;-0.09723878468209812;0.16673990700550953;-0.1652864138654402;0.004873781747000546;0.07005402790755766;-0.18023257629453007;0.022042738427207654;57.26294222756173;31.91728251354047;1.1998009880863212;40.469221556856674;35.809806191835534;17.40605772314568;47.62007890995267;60.097132347149156;26.35269546442609;51.13275539444065;72.11144049713612;22.848574349585903;53.350799563951725;67.10168189077027;24.529292548772887;71.31182122994811;21.985309852984958;10.571251025526935;6.3373161046044135;0.9952626517005924;-0.3772329704592325;-0.061915378482965355;-0.22630759989948154;-0.3316986581230892;0.3634834141266355;-0.19775360040804169;-0.18305904157093705;0.5219596419303321;-0.11846035432626568;-0.08332505462957095;0.4499265909773203;-0.10737641301561206;-0.34673880009994057;0.23878306567647944;-0.8739933858732617;-0.465433060943631;0.849019960250202;-0.2110938248094425;-0.23809436128985348;0.43955884630362085;0.027088724887624024;-0.14687127098018662;0.2552974898607929;0.06668159218274274;-0.08529328886594877;0.6000094025220233;-0.7954330718291731;-0.493013485758493;0.8751217775483027;-0.1970954345424328;-0.2426096124435458;0.24663920064767297;0.1173675727601861;-0.07939878627996573;-0.06997580090274406;0.12066236829564696;0.08800046175147633;0.9342734700120191;-0.6933051718379185;-0.44307232794331625;0.8329635943249797;-0.13693437363803093;-0.246187390082259;0.11388168038158675;0.12572013350974284;-0.08326009541867016;-0.167509184447645;0.1189878013840877;0.17093173601874173;1.223360502838642;-0.5995937595066735;-0.2609969792818728;0.7047588482260871;-0.12836078335070564;-0.19729500787039872;0.10771760363094939;0.020929160386865528;-0.10188931304284132;-0.12197806294313071;0.05477284624280903;51.278013643903186;24.08794655618448;8.69170596212435;55.20326249377198;15.403616564090072;9.763674055079207;44.9907223263226;33.36497038463387;73.99602479893356;41.41576329321988;49.072051380383;75.69175319020695;31.297027689699938;43.56316038226448;77.66200370482258;43.26830272207887;26.517624080704866;18.792229226598426;10.790766090566324
0.9919018813483738;0.25548143111279914;-0.20542681211327196;-0.2523599626830781;0.3019088674443999;0.10686767379691274;-0.13618969973633613;0.2509533803761059;0.2410563960056823;-0.06306571256221684;0.18360546087148488;0.13543988306824156;-0.04711471101955595;0.2862076428482744;0.5509387060894103;-0.5398527834567115;0.44977892823945925;0.2788848928724465;-0.13052987242857647;0.25742566668893796;-0.01045902791755321;-0.026125126003208102;0.17190189580941745;-0.057904183914490974;0.0022402462916698146;0.23016650525411206;0.8772512379208575;-0.42125247230779783;0.49673920943385164;0.24472772094557496;-0.12044217004772945;0.25128163287985433;-0.1309743710461326;0.02304259539961253;0.13152370564894472;-0.17745730788778483;0.025754887646429928;0.23531448329072277;1.048868372543302;-0.29758774136970434;0.44514460931116223;0.18771496611642444;-0.10705999876168505;0.19760893553860076;-0.1746592616276311;0.025989030222098246;0.09354605571754263;-0.19315285139744545;0.03308762686230587;0.2792184465972336;1.102068544320486;-0.18503631961141415;0.32384152763385105;0.0986729326343964;-0.08722403670616705;0.16086731239631355;-0.1444333133968511;-0.0022480020497022885;0.07839726405173675;-0.1579236915409919;0.013801069720404992;51.54153672760551;26.52961249963649;7.4285893828814;38.112783513486;34.536630890367206;17.514202868205356;47.923588826523655;56.043136738377115;25.874152772408;52.82480532078186;66.4492771632449;22.719849491839486;57.67774814051212;59.78286760335325;22.246344285099305;73.5861572459853;19.27778538261359;9.63409639195467;6.416359938763573;0.9943744946676156;-0.3788726551594996;-0.05078114134481154;-0.22473584391524032;-0.3232234424721102;0.38498371128334596;-0.19557392945399005;-0.19617545501273675;0.5220560687364955;-0.11629173126224228;-0.1095874641264723;0.4432129898941814;-0.10431781099937612;-0.35313472843630495;0.257537914462432;-0.8674021189161242;-0.45287612537665395;0.8507052929062999;-0.2090322624740285;-0.2346677322022457;0.4365720138109914;0.02891354074146251;-0.14453007297309625;0.2544470022753164;0.06785418625364037;-0.09067828360208804;0.6093618968917706;-0.7876899945406457;-0.48496862037064276;0.8716120993253429;-0.19764754389631195;-0.23965519586395828;0.24050324324258213;0.11874170509940508;-0.07870081814486615;-0.07814391034244023;0.12277843712174123;0.0839371928365021;0.9358985009547337;-0.6847054803482617;-0.436079786435922;0.830035218711603;-0.13756584039542685;-0.24683422272923491;0.1179348376275932;0.12616544424183984;-0.08690911266936206;-0.1653803520589409;0.12070946033353165;0.16783032068486264;1.223876771468941;-0.5898750596565823;-0.25999957624589776;0.7055145565894299;-0.12631958431267842;-0.19597051248583663;0.10884387257973407;0.023016863700296167;-0.10462280840283374;-0.12498312582964435;0.05679061312289729;52.11844411382639;20.863698230658038;6.642223882267225;54.19760878174775;15.5779719282143;9.805937003476172;44.054019403574856;34.23344198051274;75.75287388284478;40.77116112739545;48.765784914204445;75.1463635707102;31.03290573904658;43.39941300087189;77.81978115269867;42.87177967565066;26.10688809110442;18.585321136698237;10.802584756948553
0.9938309280318748;0.22791385792643784;-0.1828344397217211;-0.265786991791451;0.2899913357761449;0.0750222506020909;-0.14604539270395966;0.26925196159832004;0.16683479878333007;-0.0739105120267102;0.2115392522497603;0.05627843307568607;-0.05836205582390345;0.27032571003808453;0.6152764883159312;-0.506900198982082;0.4195968209945544;0.3019300870773997;-0.1266261271853395;0.24469032574938104;0.008348878484817418;-0.04025488395108699;0.16821231501627937;-0.044119602433093;-0.009843773696254865;0.21894117663818485;0.8989164746855609;-0.3794916767350383;0.4600135996991647;0.2327016966692039;-0.10889223181878582;0.24271494612175798;-0.10463165831902767;0.011038070826162767;0.13760485314771737;-0.157047657722484;0.014000878719188361;0.2269027313006025;1.0273799210855323;-0.25107493725615465;0.41284534892791497;0.16243942938089406;-0.0931161518333813;0.1920857742095186;-0.14598866528434767;0.015026439390580012;0.10270764628691832;-0.17975808341324925;0.020894801010623954;0.2709284107269519;1.055579013640413;-0.13616933069284645;0.3046894718506171;0.0673502208911452;-0.07804689357951375;0.15521410069990368;-0.1254164241312742;-0.00861492453041339;0.08566850045918785;-0.13757076636451884;0.006392332175104296;46.14699739540162;20.703547517132808;16.47517785303519;35.79556712655092;33.36516586677444;17.629858504652468;48.19631543753484;51.84914736408335;25.457029565419067;54.615306990478516;60.363514535897714;23.04880044045513;62.28944130328479;52.04143518220499;19.719919202337923;75.39401658438796;17.08444199407086;8.957713350259866;6.582279602696122;0.9934863376346385;-0.38043275499730583;-0.03973020785880797;-0.22313793885430563;-0.31476205339320207;0.40623898393793006;-0.19337822190864987;-0.2091491301668125;0.5220607352998626;-0.11412079416711168;-0.1356134204381055;0.43647772873569857;-0.10126634711141475;-0.3594161917520312;0.27609266718424863;-0.8607142693922638;-0.44034420796249224;0.8522284515708204;-0.20695134107289342;-0.23122857523958712;0.4335338340366882;0.030718215797829882;-0.1421830690370995;0.25355921926731184;0.0690052526386625;-0.09600291020385578;0.6185308118533414;-0.7798737564634656;-0.4769058375849481;0.8679796004592408;-0.19816064598233563;-0.23668347417084842;0.23437616474404885;0.12008377518057188;-0.07799491399181434;-0.08623080137721607;0.1248555997550527;0.07989292818425366;0.937347013066799;-0.6760576616216987;-0.4290691363599483;0.8269864556338561;-0.13816811162463238;-0.24743269393376452;0.12193390045541067;0.12658508653793563;-0.0905127862062927;-0.16324032319567316;0.12239583788880028;0.1647253315073082;1.2241755210054146;-0.5801340170512072;-0.25896512625085416;0.706141082716792;-0.12427326939192052;-0.19462283361398872;0.10994185527483741;0.025083277875159793;-0.10731545089223918;-0.12794154068988994;0.0587817850065865;52.87527428985023;17.820481991194363;4.587707271331137;53.21029692276756;15.769287393020567;9.848503310001966;43.12203657280344;35.11995138131968;77.33692396787767;40.125658769912995;48.473671313492815;74.6043723974988;30.76905265050219;43.23888590953275;77.97765991668939;42.45428854729091;25.699244719337848;18.38403519085503;10.814509103111337
0.9947965990406475;0.21257060841053493;-0.16016643760539576;-0.2657297586728224;0.2778009593212694;0.07077245132580721;-0.14626930098425928;0.2740446531740495;0.1369695504124328;-0.07629279381438864;0.22561422799238393;0.014072557022485043;-0.06107080553530029;0.2559931793367851;0.6601987196627649;-0.4741552094192013;0.3992265477493026;0.30017194280236326;-0.11772753816794697;0.23083431867640283;0.00855503238511508;-0.04341905420432579;0.16025829006327083;-0.04172812633099349;-0.014545856470218848;0.20780297904094266;0.9154040796848559;-0.3447510591688322;0.434649544395429;0.2072313779921366;-0.09754510447294093;0.2230652267139792;-0.10434116686532902;0.0062085206313193435;0.1276603671730132;-0.14489480317346393;0.00792087109856922;0.21616213770910891;1.017148302564129;-0.2161420270771733;0.3906499403216428;0.13141961843008082;-0.08051251888348952;0.17696035925324294;-0.1373999962434107;0.011325860203289365;0.0973268519945558;-0.1680653221904212;0.01417531562347662;0.25782299159164834;1.0295397029469016;-0.10217377671542917;0.28935376677237035;0.038233471915511234;-0.07116738149114374;0.14392209338879028;-0.12034351650629319;-0.01165809075843928;0.08273060731779203;-0.12427380711008258;0.002087592607328791;44.32963123177572;17.358672845260845;22.268666138044914;35.462222778607185;34.135175871218465;17.48288083377669;50.327097346522145;51.8710962363608;23.553855679437838;58.127106411551004;57.82851234209356;22.091559902162814;67.76007042249105;47.88040284411865;17.00527932020929;76.52736009018204;15.545334748865754;8.458780597837508;6.567085135596021;0.9926119631565312;-0.381579556242618;-0.0340080692200997;-0.21935419983947788;-0.310133331358237;0.4139127625610991;-0.19222476705618038;-0.21648348198919803;0.5205845640762531;-0.11389476778270544;-0.1422880203106949;0.43592723302950365;-0.10090095117081231;-0.3675532396698747;0.28405456950115615;-0.8551610841969138;-0.433908773941566;0.8552541950056124;-0.20582070175029143;-0.2286686871723384;0.434530503740458;0.031357755167646564;-0.14011072914115946;0.2560502729645361;0.06945627802018647;-0.10329702881849528;0.6227093512209638;-0.7756047883679144;-0.47396444354297795;0.8704425106617873;-0.19764608206629503;-0.2330378804176005;0.2291612972109526;0.12192267801724015;-0.07582742646796178;-0.09165036798605895;0.12679568884767942;0.07472878242451692;0.938349100539373;-0.6730780355595491;-0.4272831461490478;0.8287418742312045;-0.13751132281582393;-0.24696607107429966;0.12277813838715977;0.1279092318329744;-0.09137761738450213;-0.16327656746263922;0.1239605534855389;0.16131652360986193;1.2243576069017081;-0.5781370512502291;-0.258966976933619;0.7090539049659638;-0.12158349952146937;-0.19452340021650041;0.11155896353684124;0.027641565917409402;-0.10919087228551799;-0.13068924572312593;0.060628183835426216;53.04731040559463;16.371475536625095;4.515447646842305;52.70149122459031;15.789634891261509;9.774762747113092;42.56950303607792;35.83070706437835;78.46535851306588;39.77191222521978;48.547360634461015;74.37712616217986;30.67945674128315;43.11041843023054;78.22267154323117;42.21630919945656;25.535801970718303;18.305585288162412;10.783196491764755
0.9936641599535354;0.21906821325567502;-0.13430315451134536;-0.24045356423711223;0.26402768580884783;0.11932290772581093;-0.12838812188198287;0.25435870154262563;0.18845039613465436;-0.06294993792512754;0.21583045890680014;0.03663276893797586;-0.047912222048017004;0.24319329210523552;0.6766760979269698;-0.4381449349115339;0.39582586957730836;0.2511932438867863;-0.0981609261042147;0.21335661558940064;-0.0270741430989434;-0.026050144938083487;0.14332245456707823;-0.061074419616749205;-0.005781862980441951;0.19572757733055487;0.9272602002480459;-0.3191852698798387;0.4285740376287052;0.15247591524917922;-0.0851157505291069;0.1796429963904309;-0.15459277613520048;0.014488985296893298;0.08563012981696846;-0.14721893524057544;0.011864735723615879;0.19991001631984;1.030137479456387;-0.198760771388132;0.3856767122185447;0.08487578382307429;-0.06877346493072019;0.14148529616849706;-0.16663913984957254;0.0210949732605299;0.06334208962334364;-0.15834389143468455;0.01701177250255279;0.23416590167265988;1.0420317788882751;-0.091880488879318;0.27986998678903946;0.008946572535225593;-0.06786455223331378;0.12042579904342934;-0.1417514207295079;-0.008798125654344818;0.05988683736033483;-0.12289545132091903;0.003106942318944791;49.32719467982576;17.172710341933257;26.345210805084076;39.93392798412235;39.376816184560695;16.502027834846487;56.94301271502521;61.6468769211117;19.066741140642364;65.40165058778396;63.723141136853066;18.441735683652443;74.7777045417198;51.99700938977538;14.915006940878882;76.78331183417761;14.581237401605108;7.939983182142078;6.042765201751369;0.9917676053357648;-0.3819263527551335;-0.039789390606828415;-0.21073365116262405;-0.31381936678565914;0.392179967033771;-0.19335586370465319;-0.21172630127305866;0.5159316564776691;-0.11793617176582588;-0.10686442650418293;0.44896563606713646;-0.10641699102804392;-0.3800330902529797;0.2691259684119135;-0.8521044882811318;-0.44071257808371983;0.8618086628339079;-0.20677677102436004;-0.2280066863678569;0.44445710832328156;0.02947325610543432;-0.13861059143674592;0.2660427272103057;0.06840226134620228;-0.11510999846960093;0.6162089092775456;-0.7791253226402708;-0.4822311567913305;0.8864621648608689;-0.19490916602758054;-0.22786696126692244;0.22584591506376586;0.12491984153585188;-0.07042182015544884;-0.09140054568926106;0.12851191903577316;0.06699369709796489;0.9385814753071473;-0.6825389369029369;-0.4369527678996159;0.8412046033739153;-0.13411106199331596;-0.24420598877042757;0.11677174534963572;0.13127029313433294;-0.08629570640392738;-0.1681024231316037;0.12532458899070847;0.15718390162975981;1.2245238051408436;-0.5931264893234472;-0.2612838219448652;0.7171776921644464;-0.11743895175150162;-0.19718725675081572;0.11437519173610325;0.03134833642706834;-0.1093505241069218;-0.13307431363962371;0.06221874166251586;52.04398212540476;18.115379685150263;8.774992655186807;53.209717395304665;15.43520900190686;9.474980547829103;42.841484308844244;36.1472330558026;78.88986492477108;40.057145188629846;49.42611957329637;74.79034051270509;30.987459509381846;43.0450455261313;78.65068930784962;42.41773509772437;25.904726529076715;18.490969579688034;10.660093210123591
0.9925317208664232;0.2250956900927706;-0.10942495823653729;-0.21604392523956836;0.2506094746940568;0.16569704371674213;-0.11115671053561643;0.23528857124975297;0.23756902701030752;-0.05012086878739785;0.20627400074444582;0.058198266847995325;-0.03527280750360195;0.2307252897581247;0.6918545868717314;-0.4032850433003676;0.39222167057263385;0.2040828259935974;-0.07934260556378735;0.19643663670711353;-0.06115948143024653;-0.009399276989272072;0.12698290459478417;-0.07954158396746851;0.0026133376032574807;0.18399495533034682;0.9377938949569111;-0.29442905256535007;0.4223802812780224;0.09992211790520064;-0.07314169084504793;0.1379150133141377;-0.20256442957665022;0.022403432833538618;0.045317551161881395;-0.1493142625605095;0.015629900131816987;0.18417517625650093;1.041665289929518;-0.18194597968890902;0.3805759888210371;0.04024282899156314;-0.05747464846190033;0.1073990474270144;-0.19448414139869302;0.030428743438345684;0.030751382888284714;-0.14889773984308896;0.01971223988682916;0.21131183126362818;1.0530732203143103;-0.08194540994613485;0.27054432095551567;-0.019098783551840963;-0.0646428591096026;0.09782583388775769;-0.16212119344206796;-0.006052422492811565;0.037964874828327666;-0.1214676657721279;0.004080068820407198;53.97327891161663;16.397255823105546;29.165439050188883;45.22115531505899;45.09318582945666;15.201328397150153;63.99933694863478;70.37792430424945;17.292858146272103;72.85210519257066;68.85913958000356;17.092149028732457;81.89299871460685;55.45259729881344;14.228885502831263;76.70692761699782;13.603688873310277;7.4374453626318076;5.553026917347501;0.9909232475149988;-0.38220289181998907;-0.04565904323729456;-0.20192762907090078;-0.31750429744351827;0.370007273475072;-0.19446729986736905;-0.20684777008730745;0.511098575378977;-0.12202138249438707;-0.07082979750286948;0.462131736344537;-0.11200368174940245;-0.3926450614360717;0.2538952478872462;-0.8488273726709396;-0.44754192365127404;0.868300692092181;-0.20770759407218967;-0.22728827406228053;0.45446049986939835;0.02755151501148431;-0.13705788457663617;0.2761485822154246;0.06731707948857475;-0.1270967249536737;0.6094775720614399;-0.7825493669156869;-0.49053950196385715;0.9025720569201331;-0.19208788239834274;-0.22256459021720282;0.2224303758726299;0.12794203615859331;-0.0649121977451947;-0.09112836876782042;0.13023113920174437;0.05911649502095428;0.9386308726646725;-0.6920214761450157;-0.4466963920612291;0.8537073612935201;-0.13062749292358689;-0.24135133952116095;0.11064210680243411;0.1346611798089146;-0.08111200841276896;-0.17297515900510532;0.1266863853556551;0.15295118526815532;1.2244490008263504;-0.608247408560799;-0.2635872251741688;0.725293960236991;-0.11320202319379875;-0.19985620873090543;0.11721553783267508;0.03511057972183379;-0.10949106521345947;-0.13547259865007152;0.0638233943477884;50.955641489626494;20.01785144710589;13.016184691487016;53.73480131515309;15.123494208538242;9.215545936950146;43.12456145735715;36.49884032712911;79.28851739395807;40.34539919199917;50.35730216503129;75.14325045253024;31.323385761179264;42.97849697449949;79.0686123277721;42.63848148926268;26.28423093457591;18.686552548248354;10.541163331699497
0.9921396493606156;0.23308865006507798;-0.10508566150196828;-0.2084543167460928;0.25200413356033663;0.1917136057022598;-0.10725606731428455;0.22893113388192396;0.27246822553798916;-0.046254998131914506;0.20442624408590354;0.07999988376556175;-0.031618531362551966;0.22514107127279653;0.6767349411147361;-0.4119734347326838;0.4030697234172644;0.17965878026292625;-0.07558147950922138;0.1967574231566795;-0.07332854073239832;4.484010270881274e-05;0.12494404231970507;-0.08473112732187257;0.008352777292615488;0.17897712643780317;0.9345102210855591;-0.30766513435663495;0.4343059201243084;0.08078904955750206;-0.07160030802440245;0.13172534595875693;-0.2224669339144034;0.029352805407817116;0.034857445880268685;-0.15292548427606178;0.01903151417387261;0.1799822772390365;1.0517789259195693;-0.19766778091989412;0.3921081660208195;0.0337609564027421;-0.05833771290669778;0.10115046311442448;-0.21110585795224543;0.036367670610360676;0.019174242458998646;-0.15124590962775888;0.02255429217734449;0.20824842700286;1.0730438138964886;-0.09911768423923395;0.2770676346392495;-0.01710199613753397;-0.0686388496996299;0.09450125595885563;-0.1743095917150536;-0.004467365319205319;0.029499626570372438;-0.12822508178562173;0.00511855254118916;56.44996189634925;16.742503417182817;28.33095737292366;48.68273790580951;45.29810034563504;14.055161875895525;66.9446986361088;71.40355825091149;17.672882237149356;74.19283723137858;71.17479930412459;18.171286599415943;81.54409669440085;58.691265798946674;15.899308413327272;75.67204393078046;13.91708268435752;7.504303804947526;5.460783337170877;0.9909027246936558;-0.3798825738276759;-0.04768362364468001;-0.20024899198141938;-0.3159757949466763;0.3583778461937967;-0.19545843200345164;-0.20548728385075263;0.5043523781040994;-0.12339046147498291;-0.06431508485184656;0.4618816796328198;-0.11369730509479435;-0.39206933181635134;0.2513339434738836;-0.8483679252990964;-0.4484981344876751;0.8577294420638591;-0.20624819416345355;-0.22641045360001466;0.4501917572183775;0.028847694011058907;-0.1358194469023972;0.2739374224278768;0.06829535379182557;-0.13005040941471363;0.6085713442244903;-0.7827693210645537;-0.4917783898244406;0.8938832964719878;-0.18856409997319848;-0.22042467420479178;0.21186997006627908;0.13153731904354482;-0.06305056732003816;-0.09290210004772666;0.13227948003302598;0.05376942243197963;0.9380449069640121;-0.6928168289255817;-0.4492917277071918;0.844501101512461;-0.12812468905691163;-0.2386576818077725;0.09806719813288803;0.13787703386823846;-0.07755524522070631;-0.17750986770026644;0.1282759814204412;0.1462517081264601;1.2201382318012994;-0.6095767116143391;-0.26402349946375253;0.7170264999307494;-0.11086302351775489;-0.1989764755997435;0.11094247082643734;0.03731160122420527;-0.10699152064674783;-0.1363933504688614;0.06474519369487045;50.42888558964817;20.618855685854243;13.891479004568486;53.74565230573848;15.331908841339374;9.320267210274777;43.26154022833365;37.765084810362296;78.39744894694138;40.49575307124215;52.372404763044734;73.95374732450153;31.41829541654446;44.12340118108656;78.42320558999562;42.7939720424606;26.245132181684948;18.635549130095985;10.46713600361158
0.9928802025923544;0.24462526913992813;-0.13277770008311696;-0.22609864302739402;0.27656940109440187;0.1881548631431469;-0.12385669422940893;0.24131626129715214;0.28868261524889205;-0.05607899905888229;0.2140163949406183;0.10508939226070046;-0.0417692106858349;0.22905507330686076;0.6084447596732346;-0.49055027326477507;0.4373802605931855;0.18754241425917945;-0.09522311202250927;0.22418001287024433;-0.051795672538232834;-0.0007198346789106282;0.14517757078553062;-0.0690499859123634;0.010631394724228058;0.18342290631022218;0.9054094790964079;-0.38287036004773584;0.47564122199059594;0.112320332062748;-0.08636471061485668;0.181319077789975;-0.19940452005424264;0.03566502261485984;0.07074314343953815;-0.15898765176681906;0.022280593557000565;0.1931291952914618;1.0575722327425239;-0.2673192632419535;0.430744464862989;0.08754770780864198;-0.07868084881591424;0.13840062926500307;-0.21140159989488636;0.03759302950550777;0.039624573282976;-0.17238869090661602;0.025962479265613393;0.23585418163301455;1.1066852596661845;-0.1620335868604679;0.3090903140841614;0.03353414964736616;-0.0845892993101808;0.12136023639752407;-0.1745390383184423;-0.0045021191764644895;0.04133338192207093;-0.14869503820051558;0.006396250958364392;56.457999831801125;19.38173163106754;23.685600883969443;48.67541096530149;37.65556748537769;13.03556193073012;63.42775269107544;63.23304096282617;18.140414126919882;66.5556270693908;70.46169738924519;20.04739254795905;70.3720998036575;62.11838195037859;19.603757935468074;72.84223591191576;16.54388231903175;8.611739342205558;6.0439571597997315;0.9921425162398853;-0.3738451574718402;-0.043852021722006376;-0.20934152288371055;-0.3067672858807328;0.3631898459289149;-0.19623538989623673;-0.2094835363066743;0.49516712000768526;-0.12063534693223181;-0.10230929523788342;0.44162989087269183;-0.10948791194806877;-0.37184419609712605;0.2678851952069244;-0.8522345235344816;-0.440665141506984;0.8223092424991598;-0.20131563171763753;-0.22536567325547938;0.424860446253558;0.0348879211498714;-0.1351328669837426;0.25345646365225116;0.07231274769847688;-0.11934717028052674;0.6164884341890394;-0.7782661906167949;-0.4824280014634574;0.848678337084866;-0.18420244024251525;-0.22315402329047554;0.19122591913282233;0.13580594169113083;-0.06675284603513634;-0.09764760906500375;0.13472124821370038;0.052504791299248295;0.9366373769226578;-0.6806486992846112;-0.4411011330897617;0.8034222846756571;-0.12723899938331326;-0.23637705530325884;0.07655363568907837;0.14066892780008952;-0.07663450752907186;-0.1813086061537845;0.1301322363689543;0.13624585529330818;1.2098547505779251;-0.5902713675407918;-0.2616708262899739;0.6847854860039014;-0.11150193360466824;-0.1928586385449172;0.0913964025934195;0.03706103637089649;-0.10069200758847237;-0.13506807396466847;0.0646019299237922;50.8564868486802;19.11454586204721;9.674324921013136;53.00656389582629;16.327803413613296;9.982680157092908;43.20429437489813;40.39851825396787;75.51290918695561;40.46401715224785;55.9654582614756;70.45426771641837;31.147821371524063;47.30310242439713;75.9795381034144;42.824911542882234;25.580882186156035;18.22397745085945;10.46618734364727
0.9936207558240934;0.2556882508744194;-0.1628720413656235;-0.24417156453474048;0.3020290252687328;0.1826890442352818;-0.14155271484131776;0.2533588195385331;0.30466071355640356;-0.06668533704167251;0.22312975988163836;0.13247389379262783;-0.05285421878076544;0.23167077723090268;0.5269411935850458;-0.5750574432326541;0.4725420119617301;0.1949436857504624;-0.11656052644991471;0.2532595764976072;-0.027187266048465736;-0.001573795445263281;0.166791259799723;-0.050885091201757826;0.013109974442264218;0.18699178755193463;0.8656456483613175;-0.4644261866661336;0.5184014800634273;0.1468896821608799;-0.10228864850635555;0.2356549398973782;-0.17192709976893797;0.04248277672804856;0.11053109651482972;-0.16456382173757533;0.025759334507679997;0.20640338608721406;1.055847506803504;-0.3435321292134501;0.4708204672883791;0.14732726600384785;-0.10093566007195397;0.17919542119369847;-0.21008753005769584;0.0386776543412295;0.062304073580228464;-0.19481253145413396;0.029591395869519106;0.26504871521288237;1.135881973167247;-0.23149504292320972;0.34267948827105094;0.09019281455422304;-0.10186029481751702;0.15060706652577874;-0.17343755211368939;-0.004506120839556617;0.05431372213881485;-0.1705470987613916;0.007782688067670668;56.348813809571155;22.06687325973164;19.320779717736496;49.11444135388805;30.92820639557798;11.786862356866171;60.31557675671093;55.07154244781127;19.829242233331417;59.64275572732309;69.35049325391684;22.499223533643008;60.35603214292587;64.530987277101;23.57791398097655;68.93777677661275;19.59374931230521;10.017934484245322;6.786901680072454;0.9933823077861144;-0.36803772207752483;-0.04020179076471427;-0.21794626541881867;-0.29795779169646097;0.36769747759918675;-0.19693800846586734;-0.2132438897847886;0.4863452289373128;-0.11799433118775222;-0.1384066702597283;0.4222983049222161;-0.10546654564769098;-0.3525507243892789;0.28356924457804794;-0.8557539354531825;-0.4331386514443792;0.7884893317066888;-0.1965900283932033;-0.22433127023410335;0.40070349592017607;0.040623183889343085;-0.1344554809293869;0.23394149291880648;0.07611831538640017;-0.10915115152948425;0.623901285247792;-0.7738431445622175;-0.4734514754263676;0.8055525108063557;-0.18002265285502428;-0.22570759476145616;0.17156731333574843;0.13983869311664132;-0.07025989316049121;-0.10214066107414306;0.137017647486884;0.05129305812920238;0.9351279120051498;-0.668957419567289;-0.43323463824902797;0.7642269275686525;-0.1263737912901173;-0.23416587920611212;0.05608949744899058;0.1432970565725501;-0.07574525024480874;-0.18488636819956272;0.1318729053681233;0.1267096557940457;1.1998580540474482;-0.5718122240928571;-0.2593865332521914;0.6540127921821877;-0.11208884407343668;-0.18700789880097263;0.07279978496436554;0.036816070878712755;-0.09468544925602647;-0.13378357475732783;0.06445391838141162;51.264398164027284;17.733667339287212;5.451245836825067;52.346945922342115;17.38803284843191;10.717284621254686;43.20791573624991;43.029745900049974;72.57248865645542;40.4794901535364;59.50368725158741;66.95020781327645;30.93203726211289;50.73795606820038;73.2754739288408;42.85524137553721;24.95562609853246;17.852127575213608;10.478711075251914
0.9942339691144306;0.25307315840546324;-0.17416513456380822;-0.2571730912373558;0.3083693368529542;0.16479946013839566;-0.1505546359010646;0.2578647910965237;0.2909179611213976;-0.07207272899741907;0.22453204288892978;0.13846994945859187;-0.057692615765308534;0.23072612633674178;0.5016943181161121;-0.6055908222357834;0.4800927078142129;0.19042836713178338;-0.12531982967962058;0.26198066812102666;-0.01707445361922667;-0.0043850487502329226;0.17535147151580205;-0.044406043946595856;0.013107658791912256;0.1889133793782968;0.8510969351489873;-0.48984256866045445;0.5276721067770661;0.15524952851398485;-0.10644614865185754;0.2551197381434428;-0.16025555412215736;0.04494874914534866;0.1252562130645394;-0.1719957776071268;0.027415883947346117;0.21311592652510591;1.049897005875303;-0.3641905425850862;0.4787319161392501;0.16842166341364465;-0.10896102760954562;0.19362470850558056;-0.21011400960134669;0.03652332644180531;0.07140512762244844;-0.20536248823333728;0.030035448969342578;0.2774196643006902;1.1368399706794083;-0.24733362619137583;0.3501807804180655;0.11327217211009497;-0.10762450185866833;0.16116675828917978;-0.17076173114115395;-0.005764772250732779;0.05970163329355635;-0.17915600923595126;0.007769226408003629;54.73563074126118;23.22795246886907;16.550882827589763;49.61731228207304;28.123315588648207;11.650637287297277;59.54577074386625;52.047339768522065;21.62038196950771;57.15657074283729;69.10434990116559;23.287828046536386;56.58978855898769;65.24406940276181;25.191352318358323;67.29214528686389;20.586337562449888;10.597281232835766;7.173250821303558;0.9940659734547402;-0.36710754894886943;-0.04173822883096994;-0.22268664392959497;-0.2977330390574296;0.37566958855380045;-0.19711539172947398;-0.218901282849315;0.48822178116255666;-0.11668776209857686;-0.15888532143912587;0.41802960976061804;-0.10369350930850428;-0.3473057895802051;0.28971478079621704;-0.8564225502892592;-0.43167283805123585;0.7792967995825177;-0.19374133495775844;-0.22530572775714164;0.39159048188617773;0.04315967577036677;-0.13460507972788083;0.2262851894928312;0.07748077653899421;-0.10601180629015276;0.6283122838908108;-0.7707043342547206;-0.4729677724375753;0.7914839731054977;-0.17722203084979785;-0.2260494872332924;0.1613030214414374;0.14155539183754734;-0.0696959916768801;-0.10501698618121431;0.13746791200590472;0.05082331034379105;0.9378390924273988;-0.6624740353580388;-0.4334777132219337;0.7536058930458295;-0.1250566455298081;-0.2337238111859318;0.045003640728869546;0.14420693359915762;-0.07433716361376837;-0.18808054764376914;0.13182749886006725;0.1233386903404353;1.2010990421197838;-0.5623204487007284;-0.26134971756530023;0.6468967997875069;-0.11218402339667385;-0.1864297190646639;0.06277077044425682;0.03652227507466132;-0.09306598156759809;-0.13551099582073473;0.06381743955819892;52.04516492006245;16.891437197228573;3.343017018810148;52.164372523316786;17.750548058712326;10.971143057386772;43.23665135714225;44.28746431315276;71.67785446954124;40.50498160553756;61.35025549471691;65.44362927024343;30.875599468094602;52.92639599322476;71.5346954224397;42.88842205885039;24.84156876579778;17.78154315656287;10.498672752560264
0.9946269143931707;0.2292862748410901;-0.1514502475839733;-0.26004899734760734;0.28232979207625436;0.1310366370684022;-0.14339910805826;0.2500853009977733;0.23130899647293982;-0.06763446757368606;0.213874159333358;0.10704005839761976;-0.050963245452710394;0.2255117124075564;0.583398473035629;-0.5397136736389582;0.44152570248925077;0.16780436038004562;-0.11109386291005904;0.23526455210541347;-0.034607646195218195;-0.009915324872447118;0.16051147188204473;-0.060020658901853194;0.008915022521139153;0.1888647016206492;0.8897495054534396;-0.415542948474767;0.48058879301605245;0.11739514723173251;-0.0900189058364266;0.21138944580335225;-0.17989829552074013;0.03961267237143536;0.09396554852694063;-0.1820291961006053;0.02571316332405552;0.20836392028256934;1.0456050859713195;-0.28641864600625483;0.43256338471984496;0.11871422821523492;-0.09121339666384558;0.1603492097531408;-0.21394814023546183;0.02956666124677843;0.05532453205267304;-0.19427337681948728;0.025084286467635074;0.2596691861496776;1.0969058316938154;-0.16843108375542984;0.31328012111728426;0.07348492406547281;-0.09286503421631992;0.13800343554823952;-0.1672444990545442;-0.00892127023604191;0.051076586343094185;-0.16405230014166552;0.005396940597973444;50.666399395053624;21.66337770718651;15.864984726294205;50.04569848147387;30.82691433959206;13.263415372128224;62.44366785768454;56.94338303343064;22.11853832133395;61.595078824595724;70.41911491311221;20.82454104844445;62.273005939100365;64.0782188789145;22.61430790306611;70.6223795317068;17.945563476385658;9.539986604476248;6.83902190603894;0.9937876727528068;-0.37456024273030974;-0.052400152781818365;-0.22132764313038517;-0.31235135592669294;0.39057230481353944;-0.19644479760885977;-0.2284989541214128;0.5088571154866502;-0.11756176370881709;-0.15471278831392693;0.43935641090031907;-0.10562353935344697;-0.3657848185229399;0.2801406557006486;-0.8524144271605731;-0.44058487832729304;0.8117264015292005;-0.19385375298183108;-0.2298973750551828;0.40750002827248316;0.04046650373540638;-0.13622415687057007;0.2382850678019904;0.07479421744199323;-0.11472003516062287;0.6281547324756993;-0.7695849177323631;-0.4871742141918646;0.8261435058756723;-0.1765259326442057;-0.2226579106307981;0.16614284662426496;0.1394939025941063;-0.06206055357308902;-0.1054424872795813;0.13480997282366888;0.05159162379259002;0.9483141382697299;-0.66438825649188;-0.44782233228304824;0.7912531394124789;-0.12283881124699028;-0.23633051687253154;0.04888076964798069;0.14228130308194945;-0.07189303510858168;-0.19100256622267073;0.12872164729522095;0.13025526247300398;1.2220981912085798;-0.5673599585414708;-0.27090822563738026;0.6799318913660735;-0.11146334553860751;-0.19491990958605898;0.0664264281938792;0.03611892832746895;-0.09885408332738034;-0.14265162249454288;0.062280467558313755;53.51394847194509;16.808577890168984;4.753788735405257;52.72588095135918;16.82293626307869;10.304720951467214;43.21743996894265;43.16841742706742;74.5202414676267;40.476875549699834;60.380119474639756;67.40781902968644;31.015920112856744;52.63201640861437;71.79775388754419;42.91022316317337;25.58655582148348;18.197273111019253;10.514023574169897
0.9950198596719112;0.20720267044880994;-0.13074899175881702;-0.2610686754072252;0.2579751616169984;0.10080632241727161;-0.13632914395859433;0.24185872512147077;0.1779369718426555;-0.06337148399605502;0.20334207551167685;0.07898427805385459;-0.044795464386995595;0.21966566856130937;0.651389996342373;-0.4791001701324239;0.40532019830143645;0.1470886664655939;-0.09803585085750957;0.21058910492054234;-0.04971768459619168;-0.014687033538790526;0.14663393959612428;-0.07330981938523853;0.005203240501258385;0.1877391050835623;0.9183951634675005;-0.348287743312805;0.436723548708208;0.08367065976020197;-0.07515978515662167;0.1719955728157173;-0.1960170059109933;0.03472649063196937;0.06610630832191097;-0.18974563584469384;0.024079032239731176;0.20301995044184343;1.0358614409807436;-0.21687223980981868;0.3897722657797364;0.07463308898493079;-0.07519457428672376;0.13037628480079277;-0.21606883685866357;0.02332312990083351;0.04096703869601043;-0.18347718713445943;0.020617496332407285;0.24268182298269192;1.0557482087687882;-0.09857412422355326;0.2792649883986471;0.03832463526908347;-0.0794457522919352;0.11698775777788145;-0.16321444021675624;-0.011626096681747683;0.04325301031207787;-0.14992421316473567;0.0032947104771440692;46.654611930805245;20.08999259291356;14.798653901575115;51.269506245167044;34.02337658085709;14.444181772860466;65.77972284193037;61.77852981078132;21.89355829111915;66.61662550878422;71.230292657042;18.45131030498203;68.63321320723445;62.348546308855816;20.047629615171086;73.45600871749713;15.779242557706244;8.783785363369732;6.668429132487702;0.9935093720508732;-0.38241683224808526;-0.06368050510348586;-0.2198706631099385;-0.32779738312283596;0.40631277442252983;-0.195718528576779;-0.23863809183987397;0.5306551455150291;-0.11847694609654334;-0.15028351549216598;0.46189213870076024;-0.10765744223841013;-0.38531259784867145;0.26998371408607996;-0.8481005618578625;-0.4499805178906086;0.8459822355379709;-0.19395645440024634;-0.23473793802008058;0.4243047213585737;0.03761260742854329;-0.1379263716992014;0.2509659185331617;0.07194443686016942;-0.12392732994867145;0.6279352127105005;-0.7683354641886652;-0.5021696209996757;0.8627583239459299;-0.17577434285112536;-0.2190495075419316;0.17125144046199156;0.13730027137187484;-0.05397386849181549;-0.1058839874377196;0.13198544272278162;0.05240048557846111;0.9593214392909734;-0.6663584909233533;-0.4629672937469087;0.8310331329806735;-0.12048110091129438;-0.2390696449335854;0.05298028005895379;0.1402312328070539;-0.06930009071092574;-0.19407923411544914;0.12542355085252604;0.13756493364254063;1.24422137670218;-0.5726461997728077;-0.28100235002299595;0.7148396561539944;-0.11069120547612107;-0.20388969227321008;0.07029005608357734;0.03568898558500049;-0.10497200076787505;-0.1501973953487952;0.0606484798293759;55.00388674077489;16.741054351532636;6.1350706994596;53.32837808539092;15.906025027666672;9.668458331731468;43.18791809300295;41.99231285450995;77.61596252634114;40.44336158148447;59.38082286961346;69.4703710593057;31.15751481520575;52.363475998794286;72.04113529830364;42.90362013324067;26.374435991523633;18.640783116601494;10.530040524577993
0.994962873973664;0.2003052863651974;-0.11755501655773787;-0.2535029903329543;0.24907798662091282;0.0974308548244108;-0.12846521475658398;0.2385765746391773;0.1613915072733236;-0.059162864115120783;0.19940498635762188;0.0633925670822859;-0.04030569378070109;0.21929473493501045;0.6825239606152492;-0.4375037526673779;0.3903755418746301;0.14138775850917398;-0.09042879383160231;0.19992337075742944;-0.05433600822745934;-0.016778506191661446;0.13959835625071945;-0.07566044154934272;0.0029749484889070106;0.1886316729130661;0.9324445530358765;-0.30816431897243185;0.41770391484244435;0.0693354783062433;-0.06846394894868255;0.1541028104872488;-0.2034377613979107;0.03097255072262132;0.05370610388952552;-0.1893466083318939;0.0224287476120708;0.20084861843549084;1.0343645946100526;-0.18004646735247776;0.37195650086850873;0.05332347957454201;-0.06785815334736216;0.11673397623886396;-0.21408178049469115;0.020289408250450863;0.03438514175106306;-0.17468927311433574;0.018515790627519055;0.23488313619472323;1.0420863572454706;-0.06553921026542303;0.2655754874412102;0.021086857984143597;-0.07348335213406197;0.1065229881126945;-0.16003068030830409;-0.012750760615378198;0.038745943137519466;-0.14061859641043395;0.0024863288844094787;45.88942823924225;18.479013877708056;16.13843071028719;51.59971183902583;35.52738529952252;14.41656209364466;67.44190248407807;64.11302897119228;21.164709471743613;69.62923697955205;70.86367291576826;17.430252974972525;72.45336810450455;60.95228026237679;18.847462235775563;75.02729180800428;14.632558877761905;8.263393970963364;6.415431538057449;0.99293940045951;-0.3855915795964121;-0.07083746219416623;-0.21023251379156405;-0.33202734458435185;0.40865768246096457;-0.1913684284074125;-0.24272438273993327;0.5398801163635093;-0.11657302537045372;-0.147320777007488;0.4709226461370226;-0.10669073026434947;-0.3996335004597276;0.2741921156990886;-0.835843130170869;-0.44927067544865235;0.8614130355266789;-0.1901772875060384;-0.23634170799409115;0.42466444906005074;0.03885791254488425;-0.1392761611024231;0.2516264236997151;0.07280683496846024;-0.13543639457217005;0.6357583318278364;-0.7599133677839719;-0.5059969458279397;0.8740818765982042;-0.1695289136434008;-0.21739643279688414;0.16362900878133352;0.14138216899611633;-0.05114494491121372;-0.10692319049023889;0.13435772603923085;0.04451172695141691;0.9685556929107478;-0.6612823761380162;-0.46763409223570657;0.8440326443535735;-0.11476959982834709;-0.2394125692419399;0.04756903457079044;0.14407838541843776;-0.06698335366300509;-0.19563891971124184;0.12727724620821257;0.13293668773202014;1.2524980075056675;-0.5702363701400931;-0.2849875301850846;0.7293165608943778;-0.10450182127120297;-0.2073892520667947;0.06939961532976442;0.040920460916653925;-0.1067667730838639;-0.15385106340036372;0.06366365584940213;56.01497148612985;16.824195721107593;6.778454724768859;53.070585797055244;15.723082500197028;9.635722665027089;42.664312172247726;43.16167909151067;76.72119311437422;40.08178917995952;60.513289464247556;68.63978138858316;31.10472986999841;53.135464280029844;71.35350518237003;43.76716822552377;26.640914374436914;18.609262441018327;10.374596953830522
0.9941103811537932;0.21836782939851093;-0.11445026795703052;-0.2315879629141541;0.26544441831100346;0.13855381898472505;-0.11826250932704625;0.24437377225300447;0.20316382665659394;-0.05443266526638842;0.20685963902535912;0.06517071116022889;-0.03779401434241437;0.2294590280582025;0.6646993714696414;-0.42044876021170563;0.40985351071392595;0.16024322546618044;-0.09066227500149408;0.2113431015358855;-0.043013777667500246;-0.015039524637703;0.14319622073552232;-0.06092466378423878;0.0026917189664728094;0.19440690922748305;0.9321248656258376;-0.30553099437967174;0.43826532256989553;0.08422900777662547;-0.0741863424986518;0.16867353825209028;-0.19961716849606467;0.02840346524520892;0.06436292517825151;-0.17667568744206805;0.020506300166503528;0.20481917428434102;1.053400748248626;-0.18991270473127417;0.39391220310290487;0.06505830330164937;-0.07364298175197145;0.12773359903291207;-0.20627087114932513;0.02199500856453475;0.0393678861363204;-0.1683174656851545;0.019963424708433663;0.2420955967474015;1.0780523267363347;-0.0861400564426031;0.28419183563507544;0.02959860071564463;-0.07897807110711984;0.11179377546265033;-0.15859188006040956;-0.01161065655182992;0.03892566732425909;-0.13804462982029;0.003649532710505035;50.34425444825802;16.63876838934354;21.92373599448794;49.581139407318624;33.40717364391573;12.565226671171235;65.67125276472962;62.452154925724194;20.06087414921525;68.35470850645818;69.10372968048618;18.557745798798297;70.89792432847945;60.93450991157681;20.02856557420501;75.06951859674254;14.65360709194195;7.790925356655383;5.813975199824691;0.9918537358361492;-0.37978660818493903;-0.06972951899809571;-0.18698824684130733;-0.3155034851270713;0.386530443597708;-0.18094185177210304;-0.23535791285369603;0.5252061011082212;-0.10978551456558187;-0.147243041612856;0.45445251871378195;-0.10041048289568971;-0.4027024175551915;0.3034150328856151;-0.8103381727233325;-0.4303089100081793;0.840836551757383;-0.17979319982502848;-0.23182587310793565;0.39532709688067086;0.047259685902208845;-0.13975139399940056;0.23056823980335037;0.08015887207333058;-0.1496101447643596;0.6566451341214643;-0.7392117236747477;-0.4890991026659213;0.8383194008402106;-0.1541025922825796;-0.21930415477234833;0.1340553329630316;0.1561119386757303;-0.05802058617210844;-0.10884279658480268;0.1456570067444801;0.021985638158337355;0.9729378877221716;-0.6438141945943411;-0.4527324086224456;0.8071027883832024;-0.10367245491635954;-0.23528662998795064;0.0257704428350024;0.1579234100256396;-0.06539540036002042;-0.19418324454741862;0.13804338579655998;0.10743753990764644;1.234281736932286;-0.5540109368986759;-0.2774061806167382;0.7051086475829257;-0.08930105394898386;-0.2005686693616685;0.06007449788811237;0.055625941391616446;-0.10055540602447809;-0.1500197175602559;0.0745894727898481;56.18939984660166;17.15648764917885;6.158844411859966;51.27275344069261;16.983012359610992;10.701124199665426;41.36336320711133;48.561822514784666;68.67623403293503;39.19935451142773;65.2454455297577;62.75502419996143;30.740912285489365;55.74671342380284;68.80394278796011;46.21933030070749;25.905688586194895;17.7213893250754;9.930336695312635
0.9932578817867104;0.2378584317104221;-0.11109316079350988;-0.20791777814767365;0.28310174722888426;0.18294430303928927;-0.1072422036382937;0.25062140498995034;0.24825243165702857;-0.04932342691302793;0.21489837786432656;0.067087458498699;-0.03508066630224939;0.24042209733848457;0.6454256272855018;-0.40201695496892625;0.4308635387985838;0.18059251186801778;-0.09091023289167463;0.223662375348941;-0.030788233237854998;-0.013161420729886358;0.14707401878446888;-0.045013007314861034;0.002385819476088992;0.20063309787964123;0.931737464261605;-0.3026741775020995;0.46044375396486403;0.1003043931407467;-0.08036093250935192;0.1843965948316279;-0.19548336705044694;0.02562856684541538;0.07586521847393914;-0.16298802296483333;0.018429876764564784;0.2090965396273632;1.0739046090189297;-0.2005557831042049;0.4175979399107055;0.0777243873568092;-0.07988500169710708;0.13960311098653008;-0.19782878219944017;0.023835394561144876;0.04474552216899649;-0.16143076650794402;0.021525399876170484;0.24987126490092645;1.1168326694648845;-0.10837703175091504;0.30427734703913806;0.038786621853088246;-0.084906644089242;0.11747910170742319;-0.15703134608423208;-0.010379262282610132;0.039117934431543794;-0.13525949046513017;0.004905173801412677;54.18759487614627;15.072278360056682;27.104995618586177;47.44513154961896;31.266028453318704;10.101149718590358;63.92002483513142;60.657713903669205;18.28241187327076;67.13426694854988;67.04159749952777;19.663330284069378;69.43013760995468;60.75466108926811;21.265546888099;75.01152786289416;14.729694093162042;7.313764053716677;5.221942202780089;0.9907680628747992;-0.37391349474769114;-0.06861128056383341;-0.16478236147173483;-0.2995382941791395;0.36518667819125805;-0.17088563066694826;-0.2281473968470022;0.5107873249570298;-0.10324696762971015;-0.14702463647034492;0.4384016313106697;-0.09436174359837575;-0.4052140634180763;0.33080307958084426;-0.7853776407606256;-0.41192113406370634;0.8205153646121205;-0.16977836281076072;-0.22731957451733706;0.3671436868925101;0.05517322157952554;-0.14006424654440475;0.21039064623364878;0.08704552420059547;-0.16289153693441052;0.675788122783027;-0.7188718663993868;-0.47260892770433727;0.8036131950234231;-0.139335905490983;-0.2208959646176875;0.10590488630815018;0.16991372209971453;-0.06447765648193153;-0.11055446213323285;0.15621895906637298;0.0006223851401038813;0.9761331491742387;-0.626631567289704;-0.43816918534025123;0.7713212742718513;-0.09305688973896677;-0.23114632349435846;0.005092713252065662;0.17088518850323242;-0.06382665230404823;-0.19261320572836518;0.14810771531771902;0.08317354582353943;1.215809857242392;-0.538093999750193;-0.26995074519624623;0.681480412496127;-0.07481176878916605;-0.19390953900295985;0.05118064663913665;0.06950350228473272;-0.09457178274624346;-0.1462423417582345;0.08486746626206798;56.42078398158402;17.495893411116977;5.532876222660688;49.54359298633639;18.471361487006078;11.865148274253736;40.17766195617687;53.83748889557312;61.12053999459914;38.389629940134746;69.61902415055872;57.240495088274336;30.428210722493947;58.365934635669575;65.9589675851306;48.66341085859651;25.154601853808092;16.87250630092941;9.506722983867364
0.9925752448221848;0.2587263967874751;-0.1336392605058059;-0.21062294800833983;0.30972108192976133;0.20406079833117285;-0.11418207472977569;0.26667136190882446;0.2833417872456075;-0.05339934536884986;0.2301840799926398;0.08259258220396437;-0.04042075455503083;0.25965659993141416;0.5880528649028798;-0.4525290000705526;0.4656839962766325;0.20681975578455924;-0.10367864066309587;0.24344412038750385;-0.016986130830595938;-0.011544831289508665;0.15758868998576064;-0.031105449621017803;0.004349446342319224;0.21158888862807618;0.9101561543980166;-0.35615434409894475;0.49913162283882184;0.13101269202464097;-0.09492991937151031;0.21117558066278938;-0.1830954175069412;0.028851972040047677;0.09282115061291014;-0.15454200926062742;0.020079739174036302;0.2195237666180179;1.0881023804492789;-0.2541130073954264;0.4575311044477509;0.10385898485906728;-0.09277515215582807;0.1604337394806442;-0.19393762948759824;0.029426926949648675;0.0540373940954021;-0.1624364689195987;0.025594518427929532;0.26615893867062446;1.16111571113911;-0.16106710432073879;0.3363289808363585;0.05340989345323891;-0.09375437666794338;0.12982483541196527;-0.1581227705509311;-0.007873815800478946;0.04199104997886084;-0.1375807426836686;0.006356640310213525;56.533341515443425;16.001966322745538;26.73361947711134;44.919553275425116;29.053264729282834;8.341904703072446;60.46378846708292;57.7471729159765;17.985654849596468;64.20087025475983;65.3583650958546;21.08980307162537;66.89245504081987;60.18469184989284;22.9027473562912;72.72357684316289;17.1131296370779;8.130345334461731;5.400610003642165;0.990069322142302;-0.3585757430929323;-0.08733875444598677;-0.1612486789409117;-0.287932967284406;0.33969796367922983;-0.1575142311702734;-0.2209051050888718;0.4979210228957955;-0.09207719162064901;-0.15784152601727816;0.40595475606211934;-0.08217269647527131;-0.4028760665924352;0.40092911523642;-0.7183095798821488;-0.40291965482771186;0.7485435565377186;-0.14924288729822835;-0.22103437387840408;0.3096630516490965;0.05460067788794561;-0.13649989716711639;0.1719653792840526;0.08148834473914549;-0.1828622349502337;0.7387636652455727;-0.6486830119110049;-0.4658521844160733;0.72117791284315;-0.12018832146258149;-0.20850834762697598;0.04806959487590482;0.1604356763910737;-0.058634763415127064;-0.11846566047390976;0.145389909957579;-0.037553218129423825;1.01289719582276;-0.5556911418728815;-0.4289735263230483;0.6935582038719549;-0.08116293103383185;-0.21229759497977635;-0.03408664528300721;0.16016522299532937;-0.051956501569279015;-0.18845839932359484;0.13716158609755255;0.03681345903287788;1.2173551977923636;-0.4666143540996968;-0.27178944035111074;0.6264828661934158;-0.0632067490524967;-0.17961454481817668;0.024124698035429742;0.06928319089088698;-0.07945003437151552;-0.14183400859521292;0.08081979918065639;58.64904102799177;18.645695553722142;2.852278082461662;43.901170200969645;19.500394539346473;12.518707374032562;36.60582886665807;60.96796498615599;55.3788006263041;36.27485816389638;75.65772698025187;51.99633791993287;29.023855318332515;63.41338262520427;62.163466274668366;52.364101654814554;24.149161249419706;15.173699811971447;8.519517374879642
0.9921002490811354;0.2784698358911243;-0.1931249510422992;-0.24889378001146323;0.34580925552254616;0.1887044203930652;-0.14601969013750268;0.29364038902157424;0.30082473681687927;-0.07030955627693143;0.2531732676542903;0.1174395711330914;-0.057190745927693826;0.28780927615643576;0.4630035084244808;-0.5994297254885647;0.5150084532308327;0.23958033768948636;-0.1337708075890076;0.27123336751574556;-2.560330672900303e-06;-0.010061364278384955;0.17584092122581887;-0.019051010945602114;0.009664362718875549;0.22665326767414454;0.842240586714637;-0.48914117629087067;0.555932450598327;0.1824987075420231;-0.12097626499628084;0.2520506441979947;-0.15517450105818895;0.0405754340459726;0.11707079112444149;-0.15100843951241447;0.02696094270572303;0.23599883122288884;1.076602833058538;-0.36905941231789036;0.5158981968632487;0.1492875765425559;-0.11453807638196475;0.19281976224139116;-0.19352463123818736;0.04031097771347622;0.06863640165743558;-0.1725354903034187;0.03312253040663195;0.2914884043570363;1.1972119200631173;-0.258259914084309;0.3820817571998868;0.07581612284497471;-0.10580576348584997;0.15045722000836395;-0.16068000973435295;-0.0032645008842831576;0.048269417023973075;-0.14534891351949278;0.008059206150051738;57.00571253636603;19.712208845664048;20.557329593053304;44.136773558822796;27.071959954549662;8.110609613622627;55.44639775334707;53.21350150623453;20.399291615879697;59.41693147923234;64.21355865396983;22.95980213311455;63.15680021017071;59.08824603497467;25.037609964562215;65.75060308585697;22.534025053105342;11.048568200683915;6.795784422144921;0.9898435786457728;-0.3259894193876367;-0.1256858238067914;-0.17499967902521707;-0.2755593587293921;0.30335995131004745;-0.13761659523936157;-0.20934381781335537;0.47703121096411916;-0.07420811066163997;-0.17737163826140526;0.3480514055851791;-0.06184998966997521;-0.38720434432619305;0.5084674975630554;-0.5920447777168045;-0.39630053115201513;0.6064147314218932;-0.11459543256264801;-0.2084960101034054;0.21501165095988162;0.043653546021257594;-0.12602520314874693;0.11085786605521944;0.06078075109250966;-0.20610931609573668;0.8337222988820596;-0.5122753928946434;-0.4605541291116022;0.5736299713992098;-0.09420675261138879;-0.1768769893043249;-0.04211496355891707;0.12243661877653118;-0.0382622142163347;-0.13063975964247976;0.10843553294052885;-0.09264808701661917;1.0654220826106993;-0.416128799102575;-0.41724172563078804;0.5574387706587189;-0.06647355895646709;-0.17345588710522225;-0.09208503045132471;0.12051357687354886;-0.027995344164191863;-0.17777925634836045;0.10067387424431266;-0.033582697201086496;1.2164085744285527;-0.3263308542629818;-0.2783262535194942;0.5256525219795815;-0.05371840196872913;-0.15363746218350335;-0.02277866737821802;0.052242594224438034;-0.05302327524906789;-0.1339794070750027;0.05954535298182971;63.34543269703138;20.835285426346037;3.3917945968676975;34.01424446407168;20.438181961243817;12.41907189012151;33.07976033797717;73.64838963335778;47.96140855123364;34.660208985445124;85.362539011977;45.405272341145476;27.682364984358834;73.38609178441878;55.93903081050069;60.829902339591435;22.129952649197037;12.457062352689071;7.029337438877308
0.991625253340086;0.2934403528322985;-0.25630522331507366;-0.286053397658706;0.3777401742635158;0.16571819038712757;-0.17864096437442264;0.3165172020071958;0.31256339047737997;-0.08783881297753343;0.27259393840138707;0.15433035719149218;-0.0749254634792661;0.31221397721267724;0.30586898383344496;-0.7520259771306799;0.5574653032546538;0.27064747133999684;-0.16472242662842354;0.2956829234719752;0.019578956666499333;-0.008069413694749169;0.19196419169311318;-0.004619536017425702;0.015521813485850734;0.23767907961260243;0.7403663423899226;-0.6287816267756828;0.605864031989772;0.23675301715100058;-0.14762125205073445;0.29212450243626187;-0.11864014278268362;0.052956663183282626;0.14175353626244652;-0.14270840091411255;0.03414022267511844;0.24838957792592134;1.0332156191022166;-0.49126037883979073;0.5687559806133179;0.19748730556837713;-0.13642460500206716;0.22476363389259393;-0.1876326867838067;0.05173179669970257;0.0835477472146104;-0.17935090557440347;0.04087512565783461;0.3125350851753303;1.2053256633168719;-0.36309234022732106;0.4241405317434796;0.09952799013655923;-0.11673961223130312;0.17003508258704145;-0.15913179638403152;0.002141230083505751;0.05415733216633729;-0.1502377563429829;0.009796666986092741;56.6421435175208;23.405243157036917;14.947636621049956;46.95321045284274;25.571906030237372;8.053567935746878;51.84194651778162;48.58077390111227;22.762481679650424;55.211958528948315;62.86159437919531;24.764644317363054;59.727532447918506;57.76377327294637;27.2178913194492;57.10380481056517;27.21511367848304;14.603692210993303;8.607287784178062;0.9896178351492436;-0.28969949758474023;-0.15652359426630968;-0.1830303245784339;-0.2582428153293117;0.2642937890654556;-0.11688907140696696;-0.19428549242449492;0.44752111582985105;-0.056744348619855216;-0.1904358018576322;0.28895453367631085;-0.04251365537294611;-0.36438214221622794;0.5913121397747689;-0.4670668898653321;-0.38123762522210314;0.4671329586667903;-0.08141640840195463;-0.19259707676535012;0.126656381046269;0.03299686689333636;-0.11386513496656087;0.05446656843086189;0.04113042026108538;-0.22177681648355513;0.8979108967222208;-0.38022501918984386;-0.4451572746888188;0.4303403420805963;-0.06913355065603985;-0.1449025228173703;-0.12054549418453138;0.08612363334198078;-0.01943162478074902;-0.13831552568012825;0.07336868749650385;-0.13900294020620318;1.086846726726062;-0.28354091003233534;-0.3971888957507125;0.4245897784229019;-0.05198991242952864;-0.1352120753715819;-0.14100969068251812;0.08279021710840515;-0.006244045911896186;-0.1642332073860296;0.06619880937365723;-0.09478739560891149;1.187230729778336;-0.19520038948635074;-0.2775967804722581;0.4246179554156659;-0.044111726092014136;-0.12718337843101662;-0.06354857550402833;0.03602018501893364;-0.028517703627633634;-0.12394111153431006;0.039424667769305366;67.93901279233943;23.1083356647589;9.856039682179988;27.14490866435746;23.524394754972107;12.453937693974915;34.82613650852682;87.03650805915213;37.875873249153024;36.45030470592943;94.84960530305796;38.34924029419331;28.70627560783847;84.82781260926744;48.56605572133694;71.79855730628205;19.42751302207125;10.020099860254206;5.843317794480584
0.9903211607058922;0.29871328325647917;-0.29956608318116656;-0.3075588425806297;0.3968330669206059;0.13791784473592944;-0.1970141201814554;0.3319343928561079;0.3109534899938138;-0.09734899796603515;0.2833735940105502;0.18038322173540144;-0.0843739383086192;0.31979506222885934;0.18723928010778018;-0.8438780664632028;0.5865687469467411;0.2850509073029535;-0.1817634175473518;0.3106053534205087;0.03381683553089194;-0.005491186955185944;0.20383764072041147;0.011010582745750364;0.01928275210923828;0.23946101289222088;0.6581673399746968;-0.7137745974012129;0.6377689480685264;0.25797251212593647;-0.1643381803543166;0.31559025601507196;-0.09261644751252124;0.059346877221804484;0.15710136815106376;-0.1346397161315057;0.0380199223833723;0.25281988612060147;0.9925321219249958;-0.5666236390800491;0.6016821472115895;0.20767447823084512;-0.14800106750596423;0.2420613303479549;-0.1832418715067848;0.05925957119791067;0.09094188066999942;-0.18411659551656015;0.04612111560424369;0.32321014173706514;1.20201030724832;-0.4292593854931122;0.4520874910710298;0.09943423300027013;-0.1230166120107688;0.18137492381829454;-0.16333698101041869;0.004924900209186996;0.0574934212654381;-0.15746068033902164;0.010765009859377977;55.39887365914973;26.120387633485645;10.568172873776513;50.80402522199697;24.292390177716374;7.121762944217765;51.55263733020611;44.838152152700616;23.844658492064305;54.69219320574087;60.734591270923005;26.059821812409;59.67051397498981;56.13927305714822;28.02264529904143;51.66824139070723;29.50256201188285;17.188620105474445;9.948784105235923;0.9891480531433612;-0.2678724467483537;-0.1658083542087217;-0.17965913224063135;-0.2473324932868336;0.2390511004059808;-0.10165705055917529;-0.18431555725912818;0.42414177338591463;-0.045025398727210224;-0.19364118712555678;0.2522731707435428;-0.02940622637399651;-0.35791931036403407;0.6308758910453587;-0.3890577464372736;-0.3665139385387303;0.3879596120688818;-0.060237682255466246;-0.1795492957670641;0.07583962879212285;0.030604744079523915;-0.10369487388545004;0.016883977432473652;0.03346600827267818;-0.2378934250746761;0.9233847047828926;-0.3012762939217915;-0.43000617623547155;0.3467097092748758;-0.053587965752807075;-0.12338074361491579;-0.1605683221097159;0.0677063846260991;-0.008613243961676178;-0.14287999619125374;0.05633811773942914;-0.17285148795206795;1.0857699043507891;-0.2068974719597527;-0.3798682718680803;0.34452751052023134;-0.04216612291116062;-0.11265809842817756;-0.1654702986504616;0.0622492018617053;0.0037684187840769548;-0.15689402026400084;0.04815913720661536;-0.1375200234043304;1.155728235521613;-0.12129816092460093;-0.2724010943530285;0.3623448839406604;-0.035849399609149304;-0.11057150687673661;-0.08328318311823268;0.027796097260915736;-0.016250990387878344;-0.11728083070852238;0.02915598156482728;69.81704604272281;24.581449892420217;13.961128428448326;25.391895223837867;28.203909705885177;15.890751008429755;37.78659072960804;93.0207631195244;32.11394199276646;38.82777104849643;98.98055989435548;33.988463354751836;30.0535332740783;90.94055469430026;44.04646605001906;78.17512551009824;17.521484621725975;8.642715989573079;5.211446568279616
0.9879850136793163;0.29963549492055;-0.3201222746382959;-0.31492834150320603;0.40890440512310705;0.1109013866925738;-0.19993911738813042;0.34611930187467516;0.3010347712624346;-0.09781178871003139;0.2901828716271264;0.1943800421535332;-0.08398409980571318;0.31350913073071246;0.1413345932103612;-0.8685395710794562;0.6130545291624616;0.28393834060926393;-0.18347286857892153;0.32076269814940933;0.040157734192071665;-0.002551621494017768;0.21515726368194624;0.026988650956469504;0.02033907355261176;0.23596536291118225;0.6338520876221203;-0.7365812097272602;0.6618985759690821;0.239181019657579;-0.17075322774338603;0.32363828340472967;-0.08711549393421503;0.05861736820845829;0.16288718230398858;-0.13216780287186383;0.038113953384370576;0.25391686187184964;0.9924728103851775;-0.586939876005309;0.6228811495628854;0.17044160570774425;-0.14876245669936564;0.24494381075398786;-0.18741433548430483;0.06247330645123616;0.09000868235961325;-0.19152467328627873;0.04880684486647158;0.3288107384332788;1.2223896518305648;-0.4482985450657723;0.4720844033567792;0.06934061011177507;-0.1261322207668917;0.18591163873131175;-0.18046816279926714;0.0039056186870234104;0.05878406437079193;-0.172314253823462;0.010906241673795202;53.627003520332856;27.743970216283717;7.174887867406566;53.20738980138308;22.879382430337177;5.810702906261758;53.22491243994825;41.911754114563536;23.61568780094311;57.99877023651339;57.73195874755763;26.81817529707536;63.42184417068633;54.227880057848694;27.11438661657773;50.28641413295535;30.68956100963208;18.242707500435184;10.328169403859055;0.9883744935964328;-0.26403632500910873;-0.15571966703206802;-0.1668918661847876;-0.2464068021622252;0.23037699170287945;-0.09270782509204534;-0.1819732747840965;0.41236983266410054;-0.039201946041420375;-0.1898375594965707;0.24057222346983453;-0.02234025023215192;-0.37415686203366916;0.63809242642767;-0.36100763883885395;-0.35700223364891415;0.3725562866484932;-0.05108061696049704;-0.1714359900506864;0.06200422248873049;0.03728177081030798;-0.09652870976108548;-0.0034789124241594764;0.03844171635456122;-0.25967502946237847;0.9250360247047025;-0.2772674378145294;-0.42097732981647584;0.32534105557455906;-0.04778246900414752;-0.11325118809872238;-0.16571587458276188;0.06789911545081803;-0.005565919642863024;-0.14685832568544346;0.05798979377233881;-0.19897867069106553;1.078607613419606;-0.18683824019342624;-0.3703081279519412;0.3196936547906947;-0.03719189010150039;-0.10678692802329165;-0.168673226951373;0.05930394550408883;0.00220088420125915;-0.15812592943729326;0.0468910194639234;-0.16633576789848306;1.1382501083698489;-0.104151581489319;-0.2665365557104424;0.34214641221593817;-0.02894409666358441;-0.10488463462383958;-0.08366701738812303;0.0278496399441228;-0.016243916406032493;-0.1155975217192436;0.028988820825845314;68.54619943909407;24.97844814623873;14.441928265509016;24.048760452364604;31.348886444773562;23.307423295556458;37.54897962306311;94.80558371694232;30.297461863039;38.79421957453968;99.34157947931956;31.7288634637338;29.542354341544705;91.42080099968382;42.33862434656322;78.01054814899241;16.90791654339411;8.202741769389792;4.96881926705239
0.9856488666527408;0.3002404614681138;-0.3412686870259832;-0.32226826298002736;0.42105616121448286;0.08246866067228693;-0.2027620778596963;0.36056062275095885;0.29028243324198516;-0.09817869844994714;0.2969657901322512;0.20880717407373886;-0.08347456141444858;0.3065470212971329;0.09308022476725647;-0.8933254184769231;0.640059096135187;0.28243083825112775;-0.18504241318651307;0.331015792506781;0.04675129007516892;0.0005305783397603691;0.2267550601789754;0.04369278169261733;0.021421038934709084;0.23201943933800687;0.6076187116908797;-0.7595830968185064;0.6863762751365374;0.21920918775645065;-0.17726709921013306;0.3316784528892179;-0.0812484102039171;0.05778259714899541;0.1687514245493725;-0.12941928418351614;0.03816652544214928;0.2547599756864154;0.9912148604557371;-0.6075134553092375;0.6443360994540396;0.13123568724047163;-0.1493807512146139;0.24766801008847872;-0.1915590789494115;0.06576434465632383;0.08892272842995078;-0.19905369327994976;0.051561275873672825;0.3342810498106882;1.242263686600409;-0.4677014638222911;0.49246188607487007;0.03773470282526674;-0.12924377167041526;0.19043973703713005;-0.1981952265517424;0.0028332395134126787;0.06006515410088184;-0.18766540123979636;0.011041037821632403;51.77269975568506;29.38526855427956;3.765134027010115;55.62089676698452;21.571982665331642;5.943844635349483;54.859041040123365;39.040846299310196;23.370592851673536;61.33400391985835;54.71576087795637;27.55407178500911;67.09912986966852;52.237351072483705;26.2227116248532;48.82154580594909;31.838922823572954;19.362207398684284;10.730270086508495;0.9876009340495046;-0.2601536509411233;-0.1460304871762215;-0.1546594122730345;-0.24529286189012728;0.2219528804879599;-0.08415699749340924;-0.1795824566925092;0.40084055386078016;-0.033658207987068;-0.18605750001682064;0.22927652442509208;-0.015638112342312348;-0.389146043357647;0.6442969986853574;-0.3341380147677825;-0.34766353067938444;0.35763230976082766;-0.04237362196550288;-0.1635991967491364;0.04886352919988947;0.043558409032550295;-0.08965996643567069;-0.022727534019963642;0.04310872746347769;-0.28001673225971224;0.9257009644027593;-0.2542997329105831;-0.4120331557701433;0.30482293700556723;-0.042247393399613524;-0.10356451833540657;-0.17042203573204107;0.06801554255293835;-0.00267944913075772;-0.15047732240505754;0.05949517473762027;-0.22348768916084535;1.0707909691284059;-0.16769230717555336;-0.3609107361056699;0.2959048502074829;-0.03245299033091805;-0.10113259056988691;-0.17153798744065088;0.0564619064064316;0.0007167339706745341;-0.15913741930901934;0.04564664990503514;-0.19341830223079515;1.1206226190698965;-0.0878395183995093;-0.26073370248123684;0.32271835317995917;-0.022387467798139583;-0.09940638412042556;-0.0839488443396543;0.027873277335604508;-0.0162214891745671;-0.1138940400805901;0.028802691487031178;67.2175676573387;25.383340278116872;14.955522764896743;22.85326775933246;34.71111042501843;30.863138677367076;37.445595131458184;96.43804115683803;28.492463370343508;38.89360186367958;99.56565021942286;29.57293320384863;29.10884451551099;91.86289930306386;40.62860646183922;77.72666649351923;16.315704018842975;7.780303948770678;4.734092464467829
0.985256687043827;0.2984089588408743;-0.3295101716085023;-0.31842429432142005;0.41238939865596747;0.07949803702875921;-0.19859573425169538;0.3571081103552548;0.2723828604486849;-0.09774194937673568;0.2952403318239844;0.18086400834779637;-0.0841151675741889;0.31324932087476887;0.15756566023063345;-0.8542071195316637;0.5996336166112364;0.3254452261895265;-0.18333601944662473;0.3172569912229948;0.0928044365286253;-0.010798489292929996;0.2253262204018419;0.07592733797527482;0.012668211281441112;0.23629862329304288;0.6521171229754377;-0.7203514548829971;0.6557118571002086;0.23387916646958812;-0.17398922707035544;0.32525465794812175;-0.05676531258793189;0.04788715492152607;0.17512628116536305;-0.11122066627810452;0.034169654837668845;0.25094665960527923;1.0143364338703103;-0.5696977962265996;0.6172812262636365;0.12240953861599123;-0.14134755677286046;0.24549419243072676;-0.17652375824571678;0.06447995703325828;0.09516849891427404;-0.19864430576377884;0.052906223639249766;0.32216921294116985;1.2443059445191165;-0.4324810300356681;0.4761037944781646;0.02743446418637877;-0.12218859004735846;0.19061517494624655;-0.18703587214069756;0.004851303086066917;0.06841374393511147;-0.18305455835076367;0.01505012652777809;50.93291183288443;28.11917780721487;5.857838512348199;52.65392404056264;17.833208839823765;5.438551613860136;52.90598955961061;36.81355090405968;22.27744943479736;62.06562191781758;52.70805894145787;27.996502928239508;68.8978674697855;49.71042523043356;25.2432682212885;51.61104911501974;30.92595847917359;18.113888677712644;10.018952494593979;0.9881448505081588;-0.2708009784002147;-0.12937657694614038;-0.1384326828479632;-0.2453909388221118;0.22941876217568857;-0.0764317665885529;-0.16773221473240624;0.40925476461149746;-0.030519555114050703;-0.17272146607023897;0.23992338162979093;-0.012496781257997257;-0.3985650733648472;0.6529727694152578;-0.311852369929196;-0.3370237899449461;0.3995644485811622;-0.042250631993633464;-0.15219630173320017;0.02855407629957961;0.04162501326120794;-0.07382579539150737;-0.05128689685406891;0.04326729689735251;-0.280854085854798;0.9291970674744593;-0.24023695022941613;-0.4005498934392298;0.33473794435741655;-0.039477579244721665;-0.09739069036613049;-0.17454003074540594;0.06312428300373826;0.005065464549303661;-0.15875541273925395;0.055149470758726775;-0.21528717090482735;1.0742920873031618;-0.16150227833188413;-0.3528185644724631;0.322626661014542;-0.02715756149650667;-0.09984015439039653;-0.17306641760151575;0.05395661861524086;0.004554702859459952;-0.16568559700415614;0.0419521825453159;-0.17719311405729424;1.125861450648389;-0.08845779408208292;-0.25313707882317893;0.3417857553063232;-0.01892354124115721;-0.09956864596918046;-0.08385193599754412;0.02747657275805417;-0.01587201448098979;-0.11918148292880647;0.027556480848587597;65.42685587364404;25.912714799979977;13.529183712266493;19.493387999440525;43.55252783928459;43.6618282402203;34.191413500471974;101.5166850057584;29.42171386306245;36.3859086523636;102.8708445330392;30.5155665128955;27.592020078356384;94.02409426392865;41.28807340683247;75.87697509998397;16.13108895983036;7.704728979565777;4.6052412258062425
0.9870503844543784;0.2891969838813838;-0.27857755562139214;-0.29778413488075606;0.37566622634180286;0.10269759244489622;-0.18415400499837;0.32901008358656225;0.2444720253127593;-0.09486195191899939;0.27970202974869224;0.10811875547487912;-0.08449283557432453;0.3284477482197153;0.33174504117420855;-0.7373952329746128;0.48218553794871827;0.4052286718196865;-0.17526947301621765;0.2742528624709975;0.17376332962644664;-0.0359308712900934;0.20640485892863306;0.11952304384756215;-0.0057164262406659404;0.24486125777877843;0.7556636577424861;-0.6074663783340124;0.5589958011156919;0.2797695107288704;-0.15775330693569345;0.29873731270752896;-0.01446308933765259;0.02873326765372228;0.1783322819511816;-0.0768999141596078;0.025768997587529034;0.23842364249643774;1.0436183323700372;-0.4646817743693755;0.5314503992837156;0.1449880943172533;-0.12269776402894195;0.23424520806529553;-0.13990994978074908;0.05739271259915031;0.10687372170858259;-0.1864900405361753;0.05169756109080128;0.28738341780510895;1.2062173510791645;-0.3360608910297882;0.4145883862243907;0.040638514256707406;-0.10310401786366218;0.18293169098627993;-0.14330333818290517;0.009836937794826615;0.08213319481868986;-0.15465427126192458;0.022449119860200845;51.22587522520136;23.532923515620467;15.232760731113848;42.29629022219168;11.920328167607817;5.442065631263161;46.45854837065391;35.13522579844547;20.523854303522995;59.423352313091755;51.86877486321815;28.647610575870672;68.4160324221133;46.26495569871856;24.353464325190405;59.39089853078335;26.79206349156698;14.608439014828527;8.315565867708846;0.990170191242824;-0.2985135382854627;-0.10374863974145825;-0.11656453362522201;-0.24694414457995548;0.25519266399978446;-0.06905072862252465;-0.14453183351920973;0.44062343917066116;-0.029816598647434595;-0.14781414972278176;0.2758459881701785;-0.01306554207420495;-0.4027077598457792;0.6653418188091405;-0.29304118474018725;-0.3242503923461267;0.5080174615393755;-0.05165884180590191;-0.13600977526743255;-0.0012837077258508799;0.030449741010644484;-0.046838804923534275;-0.09242913658352159;0.03845472426120072;-0.2602364526166208;0.9364967553738232;-0.23505492103723133;-0.3855201806770833;0.4230817941039127;-0.03957562228580779;-0.09467232089679989;-0.17840050742208793;0.05232167556149304;0.018807760817446905;-0.17291581312401214;0.043996047012373626;-0.1702479888261983;1.091073037137318;-0.16926945543411925;-0.34568984451913704;0.4076086430161822;-0.02084224103196745;-0.1033276522958215;-0.17330431220262868;0.05165173897403227;0.014598898454824817;-0.17895739322883192;0.03526841938169011;-0.11172849606112566;1.1573495197101955;-0.10794400014479949;-0.24306283333682555;0.4051935104485794;-0.01862787244045256;-0.10604291131192725;-0.08336242939423642;0.026594052491581185;-0.015139052515711815;-0.1326878528199465;0.025048368068386586;63.017169669044954;26.68896112393423;10.092866450073245;15.802581878465327;60.218920274446816;60.1823833612;28.15880346610321;110.0559791771068;33.06441405501939;31.932717458631053;108.85287074034716;34.71423676088902;25.566863007497165;97.51106137114266;44.46248265146721;72.2505330565916;16.525263042287335;8.154273422965773;4.766144815424467
0.9888440818649298;0.27574634068504983;-0.22925048065196013;-0.2742881403564405;0.33678545259087306;0.12081169923676;-0.1681730795402281;0.29847271653056684;0.21569979260221844;-0.09057242768274831;0.2609607810811894;0.043161996863152995;-0.0832170199496231;0.33536155538338536;0.47607473089440483;-0.6223977511908261;0.3714779519027581;0.4665360785870745;-0.16496996709082923;0.23186394631141594;0.2404769326260394;-0.05698261357172562;0.1861281952333714;0.15495558104618504;-0.021506087650569352;0.2476219926271179;0.8308741562846487;-0.4983286919149339;0.46475948071511164;0.3141472635429222;-0.14072154717784252;0.2701409582421764;0.02239195324877272;0.011625062255196295;0.17772259937271018;-0.04576271863478704;0.0180158404838083;0.2230726975212259;1.0491476081546771;-0.36505673913702047;0.44714945315590954;0.1617631553932982;-0.10424344039381712;0.2200752238253033;-0.10559485628850947;0.05017558376174696;0.11496893056569955;-0.17244289153811945;0.049671930792858136;0.25185226637753133;1.1504044645028066;-0.24630841558979516;0.35353042604850765;0.051285978562794786;-0.08464531429637638;0.17281812380534797;-0.10276798764960379;0.01396169687085164;0.092439405881997;-0.12716217611950956;0.028421635763962907;51.4232787033873;18.939414462442798;25.721074877134527;31.566397412394682;7.839903017997026;7.7339469999769666;39.50692345571126;33.43488327448015;19.385567137039317;56.11422370649113;51.15123541143552;29.98248241587982;67.52023986592917;42.39622976700068;23.89235191489179;66.40118774939158;22.271450370948312;11.85245092930608;6.990521488749803;0.9921955319774892;-0.3272008201824867;-0.07701546396948587;-0.09373824477653324;-0.24842842771675686;0.2818851425049535;-0.06133035139387336;-0.12030374317372652;0.47304029827400834;-0.029068851313879283;-0.12180745741799161;0.31309171360744137;-0.01365058360209951;-0.4068039758807574;0.6778603447585063;-0.2733023408053231;-0.3107798558875663;0.6206393753453765;-0.06142462755142212;-0.11908735639312919;-0.03234276930659915;0.018800458417315678;-0.018721460535174962;-0.13520669601650306;0.033424420945936784;-0.23863478589334278;0.9435927851764344;-0.22953451750143808;-0.3696680418966634;0.5148165848316472;-0.039656440766835256;-0.09179181469802111;-0.18232333925207553;0.041048581349025455;0.03310276052596576;-0.1875633318233439;0.03236223755277741;-0.12327291719240131;1.1079556619528406;-0.17726388190706358;-0.33808364961602344;0.49585218946780446;-0.014257099279752597;-0.10690252124662643;-0.1734589390264111;0.04922474517763791;0.025046605575518365;-0.19267667372751746;0.028292003488716664;-0.04352289886060661;1.18950600430929;-0.1281703053901705;-0.2324455615823487;0.47098058263106485;-0.01831009755475288;-0.11272540951431854;-0.08280813604556395;0.025661117066576384;-0.01436794811875812;-0.146676145966112;0.02242409571519229;60.547122805708;27.57033243138068;7.063812517391143;14.647061865005625;79.54614989809973;65.65620399906564;23.33321087800563;117.74718559595964;36.1347072170749;28.839521648484258;113.69531899048931;38.6644322218793;24.459717898850204;100.22646594321826;47.43043972691838;68.59745725755664;17.113040053508964;8.781951069397133;5.110524926782015
0.9880181153329022;0.2685078674344867;-0.18330972695748726;-0.26306027300251367;0.3075006068478717;0.14278366005559223;-0.15060208763855626;0.27302866893198824;0.1958031522945964;-0.07437959812492455;0.2451396955408999;0.027529147887008467;-0.06723021299707152;0.33266106036853016;0.5710615526888511;-0.5675753044492177;0.2903659817765753;0.5014818239495438;-0.15613509035232528;0.19391309743114096;0.27600337226488514;-0.06789641488300499;0.16449392499048215;0.18113499256447668;-0.028913547594406175;0.24672988713560723;0.8663472768736568;-0.43424274161769255;0.40072365149282985;0.31376744351602576;-0.1168361032419823;0.2535502540978066;0.012412287537788573;0.012518199239877013;0.1715935011870209;-0.05142475986828815;0.01761846178781045;0.21864912714562573;1.031104241050755;-0.29437783954332003;0.3855626320206737;0.1669678830371731;-0.08529636154123815;0.2107606892631933;-0.099806365797131;0.04202396124826728;0.11685161156795237;-0.16169850230541827;0.043295702749193664;0.2386746897766318;1.0951962379545988;-0.168216046355742;0.3034335716648692;0.05056360035638918;-0.06547256959723434;0.1618168162919759;-0.09045969736450692;0.014350453470883356;0.09249266079226214;-0.11970315904467514;0.027396136583921295;51.76895437771537;15.332716074364434;28.49980503510902;25.576818754350832;6.127494444639321;8.450009264766543;36.19025508029165;38.38373365444089;19.63009571520719;53.12120233749125;53.08896049967719;28.314188247031684;67.08298154557082;41.81169020702446;23.631099409927433;68.42879292207772;19.083788809694383;10.775060684703632;7.076561600732092;0.9915375250729714;-0.34293299657188675;-0.016060292576298384;-0.0809530323114722;-0.23753466441473545;0.33514830665752715;-0.057023214631631534;-0.0950774838715932;0.499139200318762;-0.029315671469874495;-0.08415975223574672;0.3382867360938655;-0.015751783542103253;-0.385342109892965;0.7168284531481461;-0.2631200756337561;-0.27032197706938327;0.7119269742302508;-0.0701544014855947;-0.10958346445361265;-0.03690745589712814;0.008115240073066077;-0.008290220536806458;-0.15666949572552155;0.028311192960333423;-0.19942363189872447;0.952918313486257;-0.2284226408717618;-0.33101226500390446;0.6074801021539371;-0.04464606157830424;-0.09551272339325494;-0.17682190906722878;0.030764563585617497;0.03644335084522714;-0.2084564236630725;0.02497585696410248;-0.06675574622942586;1.1047117522604344;-0.18478090459836585;-0.3039942590331374;0.5850498225996318;-0.012816714997587624;-0.10823270394778525;-0.16829018137993787;0.04742330997244081;0.02829890584132418;-0.20705014031736604;0.025868728376415854;0.027586806206355795;1.1868604669320535;-0.14399669712515106;-0.2102131264015373;0.5246505040877383;-0.018847180300537936;-0.10999402641100253;-0.08040698142388626;0.02519172077217577;-0.009036517966137336;-0.15634890606920154;0.02146568437310381;56.52238069940552;24.8461315994898;3.260971296654374;14.607611056055815;88.2041150313159;68.00704435230772;19.099073395845537;123.19866080766536;37.98190510689385;25.295836077730257;119.20431010485122;40.33113773111144;23.625449989195392;104.4390033053017;49.90583902915745;61.935582150366294;16.515332029717428;9.0037135738522;5.388729000014401
0.9848317624759608;0.2680296180208123;-0.1401139584234337;-0.2629802378311956;0.28719519655624165;0.16954046600388434;-0.13260256750762484;0.25299726817704454;0.18366623023011544;-0.04938986230994785;0.23314576203832693;0.04875416940282063;-0.04028001429302223;0.32550668439191854;0.6366921091451118;-0.5612343190532355;0.2315735609809497;0.5219571324582415;-0.14947775620108714;0.15982836744174392;0.2915120253768655;-0.07209668175521003;0.1426035614213175;0.20269562773196287;-0.03048799576001511;0.24518293193870158;0.8804408298217439;-0.405843904806689;0.360921094996358;0.28993429472495114;-0.08808511305991366;0.24766778775585732;-0.032977328927948336;0.027081827198189093;0.1626039849772004;-0.08536938989279898;0.022891712016505347;0.22418756319138128;1.0036490003701501;-0.24587691863652952;0.34252278489855925;0.1650617655346554;-0.06614391394063371;0.206628156213653;-0.11615241192817234;0.03328643735692149;0.11512248983858096;-0.15450445552709102;0.03382888052535774;0.24396101126167324;1.0481941106368635;-0.09799798876332388;0.26268468290172725;0.04170413148498196;-0.04575107725142123;0.15120809392483361;-0.09978524096390044;0.012064757119686485;0.08563193947808942;-0.12811273895582848;0.02131296669909356;52.23435789509048;13.735064317232283;23.85345905860534;23.622967181304162;5.272364841677445;8.183697216724765;36.35958816952169;49.16571143194301;20.000050276727677;50.65413399648449;57.67155492383646;23.750502491404717;67.35687900641047;44.40594404676756;23.055272890696102;66.4389375360283;17.245591701004354;10.866545855496591;8.258896630209929;0.98846175115278;-0.3455173223302711;0.07437602427730423;-0.07769723287998202;-0.2151413396201003;0.41041550940814076;-0.05589609133875344;-0.06960642523315055;0.5175446260505681;-0.030412846478308393;-0.03690680653620296;0.35085310166427197;-0.01914723186010914;-0.3403073422198471;0.7774274253770724;-0.2615739909333655;-0.20584915950373966;0.7790403469981465;-0.0774935717418085;-0.10702426085619335;-0.01683208860902366;-0.0013326485166196037;-0.014494788533291898;-0.1574521585801565;0.023240598082844767;-0.14493489704677168;0.9621073044636014;-0.23096192395246604;-0.2720155692736764;0.6966405160005615;-0.053900439522351865;-0.10500134215347005;-0.1624775879982921;0.021682717264510338;0.029504960627058402;-0.23398086963112222;0.02170624958442962;-0.0032460055348344247;1.0808638375235415;-0.19123823560771727;-0.24607074694389078;0.6709301791138708;-0.01614067250264085;-0.10723657319659545;-0.1580624335311485;0.04616661881231501;0.02475474525166512;-0.22112858726250717;0.027672617101830756;0.09888908804068472;1.1499072578752967;-0.15494553147616216;-0.1776250381681403;0.5642917176455927;-0.02011654344598203;-0.09846599345752115;-0.07622819328704525;0.025115963483169784;0.0003323825559800206;-0.161407789069529;0.02203274263399459;49.71814149118937;20.233278020838334;1.6678325596353352;14.500306828556935;84.09632052798277;76.06310286367035;15.618891872930753;126.00087321958226;39.85942048389418;21.689356652073915;124.91964151053551;40.35871811059771;23.01572568818655;110.25346122146455;51.70464094474284;52.47813099012568;15.020102104001475;8.864203341768668;5.564501757094519
0.9816454096190194;0.26734616499678354;-0.09999936116180637;-0.2626699689584065;0.26813940788915763;0.1941584937306108;-0.11582030736562728;0.23422585790641637;0.17226544953137682;-0.026211095587489283;0.22183291763811108;0.06835958667110854;-0.015294517581791976;0.3185911449733764;0.6968782281251817;-0.5548600803425198;0.17693812362213643;0.5404435266034092;-0.14318044354994908;0.12813066854681657;0.3056074627137451;-0.07592035803713536;0.12221034594806392;0.22247349066159114;-0.03191817093539502;0.24353063558532614;0.892697327131278;-0.37918901838539465;0.323749484702125;0.26761021921436623;-0.061389589359827884;0.24199963209115147;-0.07496744638910564;0.04053987929690437;0.15413585124220827;-0.11671718452902277;0.027752899358893877;0.22911346940495106;0.977330780834575;-0.20075605896091214;0.3023707547377565;0.16314892709355078;-0.048354008480435924;0.20261686934850442;-0.13118055727600442;0.025167723919663886;0.11341835556878704;-0.14770576331062307;0.025034527244792302;0.24863576275056723;1.0037402284601251;-0.03290515438958576;0.22472522293422306;0.03346496697220671;-0.02745268918841931;0.1412512038832297;-0.10832880922871212;0.009937923763108451;0.07920367812065088;-0.1357829076630629;0.015662291865822405;52.56820365619586;14.137426912636867;19.196749830497268;22.53007073120541;4.655322288547409;8.257557586421486;36.54958855209312;59.182497671029594;19.715753457261158;47.83314634238705;62.67924841827494;19.494969327342893;67.56320447889684;46.9655080953528;22.329338004417618;63.93743370233604;15.849034132426096;11.150109911169984;9.51363873150344;0.9853859772325884;-0.3470305568618115;0.16334395328843737;-0.07425341708593426;-0.19241164603954541;0.4834161375810497;-0.05461697266657657;-0.04427754589935477;0.5341455147051555;-0.0314037652842271;0.009805981072863661;0.362194912565093;-0.022438534768492294;-0.2948729061128453;0.8348619151487399;-0.2592652733061092;-0.1416473389032219;0.8428946873274599;-0.08449942239648527;-0.10417955560749913;0.003017246344743599;-0.010646427182173799;-0.02057046717353581;-0.15775216554436539;0.018170184251135185;-0.09076221599633115;0.9682863523490756;-0.23277405354110517;-0.21301615575168947;0.7824852148355141;-0.062865829245135;-0.11404459961397406;-0.14784387841697808;0.012660963722001435;0.022573700661116115;-0.2584525634932936;0.018416618479016728;0.05939880906398547;1.0541050549404989;-0.19703350400569694;-0.18820749268302164;0.7536170461972935;-0.019370479691388828;-0.10593277791154312;-0.14750183586860094;0.0447888754719016;0.021185205869527494;-0.2343504337701287;0.029368729129738067;0.16891303082812642;1.1100167466450603;-0.16527921397955622;-0.1449534178012615;0.6016958365541962;-0.02130813657904314;-0.08680162604441917;-0.07187850280619322;0.024965978101367418;0.00957125872761934;-0.16591326935707024;0.022525960240831807;42.87071646840448;17.111568351415876;6.280973006844779;14.434653959964852;78.33084224798864;84.96044716689396;13.282085305627856;127.27239903806611;42.53080252300452;19.42006555091937;129.32012230063287;40.67547069959303;23.00284771773551;115.87731711592834;52.97496335003793;44.301190488399115;13.917940103553795;8.874344565221921;5.786189200942122
0.9789122640099066;0.2651541285696951;-0.08190036000875797;-0.2580774684993003;0.26039358845501165;0.20556801619206577;-0.10611178490512324;0.2240897948213718;0.1718232208399807;-0.015637921006701798;0.21674108093580485;0.08115843533709709;-0.0043609744372899205;0.3188411357204424;0.7199973940304725;-0.5409881921591776;0.1611007964768172;0.541912624562891;-0.13399033149614956;0.1163232205556125;0.3090834162684551;-0.07327476302340956;0.11468695271509932;0.23127672678977076;-0.03106925413302467;0.24235762987501153;0.9003170485572021;-0.36151347321865546;0.31251470209676785;0.2485080107214571;-0.04554410489556828;0.23352571827559904;-0.10454336860842715;0.04884420515185633;0.14313555782739182;-0.13260549924678006;0.030897221330845336;0.22834656177222173;0.9694581743892812;-0.18010455893832572;0.2903407070266755;0.1557917022872634;-0.037683723567709736;0.18930625016072142;-0.14986908715428773;0.02559762134280897;0.1011630394262507;-0.14971210130253798;0.02302162212161917;0.24727622815767747;0.9878195706043641;-0.008873691643155152;0.21286854521345736;0.02973989639371215;-0.01803850078916867;0.13139819408246253;-0.11586122410414819;0.011520921125889483;0.0697324871622368;-0.14079360267800745;0.01452617885201296;52.91656884152207;14.588639551151847;17.067014053911148;22.17373534585839;4.049011595575616;8.001025584244962;38.169487603686704;64.67516793547803;18.503104303640402;48.11235993492058;67.62698644071337;17.506656771163353;68.02985439954647;50.046571475152696;22.228377801377686;62.85404232222756;15.39772166325314;11.080825057572541;9.783147927970877;0.983785651893806;-0.3419485795474299;0.24879689264164243;-0.07552536176231472;-0.15914552809210677;0.5284162094320688;-0.05180435075503504;-0.015065846975089366;0.531223978845363;-0.027306746130454668;0.03509007658283066;0.3682917977966228;-0.01959127095828734;-0.24794116445525524;0.8860159147815082;-0.25836337151173994;-0.06827697901658006;0.8560842097933621;-0.08151983426896915;-0.09299094711096939;0.06112881270492949;-0.01083675696169859;-0.0297081883689611;-0.11385138048856218;0.01714251714072701;-0.03611785238987158;0.9724352985326975;-0.2303586137012612;-0.15533682829632015;0.8062165283095365;-0.060925096521892125;-0.11878952378438186;-0.12880579193241173;0.013348283677748766;0.0071946730039582196;-0.26881462181467836;0.019282618552948407;0.12009354808732692;1.0223496243384553;-0.19351345970674835;-0.1396036244045147;0.7674601781456026;-0.018356750719877298;-0.10464075460905954;-0.13848446762747457;0.04507800099164985;0.010605089530833561;-0.23623168476613315;0.030305763648018586;0.23493251436144896;1.052108977247683;-0.1609618326542569;-0.10979851977251433;0.6053118946608815;-0.020935931562807115;-0.08138616024956231;-0.07143421237837498;0.024893914837753852;0.008125934481282756;-0.16881680724891618;0.02263697608159656;37.14376527608739;15.288314302356937;7.058063953981222;14.949231015268124;51.863642241907215;109.24811285101329;12.547553377049026;126.57357393204032;44.09052217564771;19.28602687571847;131.3811009470321;39.53918796467239;23.681641854369975;120.60865590919322;50.853654354985764;37.71758587267933;13.28582148427042;9.037083787346369;6.1922843264714205
0.9765799265530928;0.2617279613282411;-0.08138449310773195;-0.2498445479875286;0.26183462615012015;0.2065561613392041;-0.10192574055144252;0.22080493369546023;0.1805394977834405;-0.015110874394447946;0.21669862784875335;0.08886116856578809;-0.004655906209941378;0.32518708264704926;0.713564387322728;-0.5205394991112399;0.1769172817277734;0.5295258047416939;-0.12207407959215011;0.12060574361055178;0.3040058996835029;-0.0651751993273036;0.11759551057954003;0.231418251255911;-0.028304517891785907;0.2416347416617056;0.9047689634213459;-0.3507217906711017;0.3224986968890403;0.23140032762351126;-0.03808164013982087;0.2224685326890831;-0.12506296349958898;0.05322770485945417;0.12963815533508613;-0.1363560240402278;0.03275696860032414;0.2229121258707486;0.9769892022062636;-0.1790107146530711;0.3013032882093076;0.14367250771290796;-0.03250625004757987;0.16779960881128117;-0.17242922782692255;0.03315901148787135;0.0796784897458808;-0.15917905192753654;0.026570352135645025;0.24094888381738405;0.9953613463289536;-0.017976946951451186;0.2223018279658607;0.029624853908901183;-0.015626877103094874;0.12128073933127605;-0.12291092239126353;0.016256336878321648;0.057372320143320915;-0.1438585881226839;0.01710062309021712;53.36011701693198;13.996305471922927;17.067224548192602;21.94279792980956;3.2751259254770373;7.271687448617014;41.0643104399064;66.90382769608208;16.903761992926874;51.32421408797002;72.34281921534279;17.461217910392502;68.78352583330567;53.731399210151714;22.773020141675566;63.25458486658306;15.552232126124304;10.597883591358489;9.153460167287513;0.9834901861365064;-0.3314662078170385;0.32778131788323617;-0.08062605185760002;-0.11842334665731771;0.5481670502597463;-0.047813063445666396;0.016190801754249893;0.5120194156297906;-0.019145380177075046;0.041568978588487696;0.3696455517513643;-0.01176102966730651;-0.20156561409905396;0.9295394472832796;-0.25856102413110793;0.009757682573204246;0.8263854661966737;-0.07034791346014777;-0.07529843220945276;0.14859473198933631;-0.0034497043715549522;-0.04100375545107927;-0.03502736720613921;0.019501853383087204;0.01672326718698453;0.9743437189604842;-0.22444297640346333;-0.10102145355719386;0.7771600399456903;-0.04999483610287666;-0.11973081344376413;-0.10683348402927119;0.022053436456723616;-0.014570644863751918;-0.26695018030808637;0.023551825175719823;0.17666974810550054;0.987325087044154;-0.1823337629703183;-0.10058658958501338;0.7233497859747552;-0.013857821280276798;-0.10336881530509555;-0.13105582033185922;0.04671958935192195;-0.005364916723054706;-0.22853843964129986;0.03056334277191068;0.29486869749845823;0.9811803600861858;-0.14460555101800324;-0.07396150069444377;0.5805216382539564;-0.01927365475222188;-0.08133872342599718;-0.07421771207184161;0.0248794102612921;-0.0021237770029355935;-0.1702070117258044;0.02241750990325607;33.20892813170036;14.238738324475678;4.614168072659783;16.373963273881866;27.750516413251813;103.21698508758628;12.47443928163457;124.49417135123888;44.91660862719795;20.179178777711194;132.2024874561803;36.982410694827294;24.66300889526581;124.61587099332971;46.4119913377604;32.71231491182538;13.011759482784695;9.360096512093847;6.882057090105731
0.9742475890962792;0.2582951397407518;-0.080861953689711;-0.24164684604101136;0.263228221066475;0.20750812519338757;-0.09776099496817227;0.21751776267969586;0.18915836712021644;-0.014586201707100302;0.2166272569688256;0.09648736960860294;-0.004947738293254378;0.33143593873976596;0.7070888776725844;-0.5001917920858168;0.1925773681337936;0.5171712202887409;-0.11024116290309571;0.12483609827902738;0.29892985134513334;-0.05713468368298313;0.12046381681968184;0.23152732824654887;-0.025559119061094007;0.2408852672873933;0.9090613596286704;-0.33997313487091063;0.3323554870075617;0.2144047012140572;-0.03067654628959391;0.21147392355402936;-0.1453937651056602;0.05756729224941664;0.11623631200889867;-0.14005670947732218;0.03459671113267538;0.21749310304986086;0.9843251606167669;-0.17790185158540264;0.3121333300592409;0.1316354307710964;-0.02736775855130016;0.14645046724092742;-0.19477708233046018;0.040652578226160016;0.05836315890249592;-0.16854519187403977;0.03008576404078254;0.2346419961634903;1.0027054807481344;-0.027001513108148644;0.23162605494119248;0.029506773200000724;-0.013233345298765709;0.11123165790715017;-0.12988495943933792;0.020949886604551184;0.0451079475947579;-0.14687846366991744;0.01965119035026331;53.791748739874635;13.636565613260803;17.075852832431046;21.77482097930527;2.555655511320784;6.5002277254813325;43.992943111045065;69.02664508338768;15.583029857465531;54.43844531775402;76.94969561035052;17.591829398892518;69.52031172026162;57.49092068594663;23.321304763941725;63.658902995042084;15.72169199093451;10.130816198041025;8.535745189014378;0.9831947203792069;-0.32083769665297984;0.4006526618118775;-0.08518014892626563;-0.0801190132663878;0.5651988646578812;-0.04396630795626651;0.045318176042987594;0.4927903319104044;-0.0114803052449746;0.04750895092735195;0.36996503095009464;-0.004423815416840581;-0.15777326129959657;0.9677821583318972;-0.25808526984218916;0.08255474097872126;0.7965605146251448;-0.05974264831270201;-0.05859550583656453;0.22983854003499724;0.0034527040813329183;-0.05144008454923406;0.03862066759243961;0.021653791203768147;0.06599191762370572;0.9736367906895577;-0.21834941406856265;-0.05007638102170121;0.7480601322549006;-0.0396670575960016;-0.12030350737265746;-0.08605613245534724;0.030120777331930935;-0.03484484274910262;-0.2645286583819002;0.027475713597409426;0.2290155732425518;0.9521191634014227;-0.17143529922761644;-0.06391904357693977;0.6803389678608753;-0.0096240345133755;-0.10191790154282249;-0.12378876915869877;0.04813222745628163;-0.020254433481316485;-0.22077555579960528;0.03072567596259838;0.3500482535719571;0.9124844263770917;-0.12897263078907606;-0.04032953037750027;0.555905071695264;-0.017673204544542322;-0.08108676693685696;-0.07662576915595258;0.024802348070554262;-0.011683388536147614;-0.17106974835343633;0.02215546363391215;30.79263468712751;13.654849439059436;2.162780076570456;18.252123947469002;20.83737417739164;41.99622590094355;12.247471974077937;121.69619691880844;46.668645280041346;20.885591952247655;133.0949468503028;34.521915873509165;25.68282489803635;128.6041026111767;42.341480823563984;29.238636828814396;12.938843281669982;9.832561475282743;7.760642002985594
0.9739571182225324;0.2529677084386397;-0.08691287051687029;-0.23543036164850714;0.261980132681035;0.20434659372567687;-0.09550807829619001;0.2166844690563067;0.20446213247589615;-0.016971347713832775;0.21299013168909028;0.10939356181673299;-0.007752587670215395;0.33002315658119513;0.7049963233847458;-0.47604084911094957;0.21144898701146583;0.5051893584156637;-0.10119723705058302;0.1313700331153391;0.28391332396179497;-0.04951706636886954;0.12572895678165025;0.22208660046832035;-0.02315838818022719;0.2386704777215073;0.9147094237431531;-0.32610285674868955;0.34476907696143716;0.1940107765649559;-0.03443485994772933;0.20327581910630566;-0.16708650260937075;0.05389204906996426;0.10676490032265876;-0.14985561448181464;0.03304226284892921;0.214615493758212;0.993274964822731;-0.17479280135112255;0.32493908190259574;0.11343415600441878;-0.031376910309385685;0.1352930595206021;-0.21240187624187049;0.04150945901010522;0.048113233719533195;-0.17977123244681031;0.030933289758457782;0.23206959183173492;1.0118109176758092;-0.0352550926889664;0.24008425319207985;0.021255722344762744;-0.020625543869041016;0.10705127771227448;-0.14026656167808657;0.01808560542577708;0.04032331144193876;-0.15202878411717938;0.018717090273916694;54.80642097789732;13.830965014377242;16.196761994909014;21.093514761683114;2.556294284236428;6.00967548955935;46.96948159139183;70.38201555166559;14.904647575697558;58.178975742220004;77.84933868163995;17.275827516464872;71.92659892658965;58.61327276658227;22.376835334202582;65.60540127710341;15.590169857052281;9.566284398436537;7.847862069542937;0.9852094684432317;-0.3053128027044356;0.4370458100081879;-0.0755409226179363;-0.06460925829797604;0.5700497444332183;-0.04062967684303907;0.06145007849085315;0.4830772941402476;-0.009258642778604352;0.05481117782452405;0.36957878635010627;-0.0030189696292733056;-0.13799277672616292;0.9934322175996955;-0.2550645502395453;0.12177188726720353;0.7762978397403595;-0.05185045653873094;-0.048548181883365536;0.25379065292221453;0.011309755000759017;-0.05195826043037928;0.059649541594409834;0.025608484909471204;0.0913680622767512;0.9714801187933286;-0.21881100517362423;-0.02407773691120467;0.7178327230635198;-0.0304597442423104;-0.11589844601100542;-0.08561934724676856;0.038444620088970455;-0.03920303635841792;-0.2576192481577348;0.030107921061325357;0.2604995028529965;0.9274173098258295;-0.17428466286513386;-0.049873314141617525;0.6455885101625346;-0.0028332422670208786;-0.09730612730830902;-0.12308573526935436;0.05458986028455263;-0.02338084817197771;-0.21442194336604056;0.03171358261583695;0.387451142072039;0.8703172859026823;-0.1332610252539454;-0.02383226098163915;0.5428066154904744;-0.01095625853067129;-0.08038891866597499;-0.0781666045064053;0.030600683229847634;-0.017695950255480306;-0.16949485000063014;0.024368525051501014;28.586076799394956;14.016773938084306;1.3415173468760593;19.628533283012946;20.708799946784016;33.41467569748984;12.506049013096273;123.92890170013179;44.80145001672885;22.358526024985956;134.0290503859971;32.93113716878651;27.273829063646275;130.29506276874835;39.598731142214724;27.21035122157972;13.016771135369286;10.387189813501836;8.517178507693528
0.9752908773208956;0.24607481950355528;-0.09816953764113037;-0.23071035898922668;0.2585926233222131;0.1978843614056117;-0.09473907308564808;0.2177482161311243;0.225079679753756;-0.02166339675875134;0.20648151282000995;0.1265096246242747;-0.012554263588625493;0.32249130978580187;0.706233146857108;-0.44869370929708735;0.23290416220393753;0.49335970852801675;-0.09429942471263886;0.13972983503242611;0.26092514114294485;-0.04219127488236261;0.13288906003283307;0.2050184706742923;-0.02101533360472286;0.23524572294314472;0.9212916213822246;-0.3096468927792895;0.3591967511729354;0.1708071704537516;-0.04702517943651436;0.1972154114391463;-0.18992150670556976;0.043857584297464246;0.1003387193178834;-0.16449010242156706;0.02879295387149351;0.21369545145440563;1.0033635582840446;-0.1700584933397727;0.3393049716547658;0.09026147463092848;-0.042626820350675845;0.13211619528638405;-0.22633449469599656;0.037118328977655365;0.04655368898940538;-0.1924846482530757;0.029670857875053133;0.2323957944391747;1.0221690694319534;-0.042929566818318936;0.24785285822454484;0.006537701580374553;-0.03577954901772494;0.10747106189204257;-0.15336180841473207;0.009233150979193805;0.04142106713834894;-0.15885839708598584;0.015021905947590425;56.32192873606283;14.851444054877849;14.460203413656233;20.229925038577395;3.3268202111743395;5.724672423929288;50.19009747328546;70.90150281158836;14.534677937298607;62.41244380704499;75.8937242373388;16.507556901635535;75.49666195048768;57.402482568411735;20.49675403784347;68.87314076439628;15.174055114029734;8.909868594335542;7.110226809974643;0.9890619068645472;-0.286173563618453;0.44764477367094757;-0.05522162785417422;-0.06579067082128184;0.5666429643415429;-0.037648039336653526;0.06834797440598123;0.4808172233429729;-0.011048254946099534;0.0633558156118531;0.36911016256141;-0.0059996462668170285;-0.1358037522043933;1.011497007503849;-0.2503949677529946;0.1370286711302899;0.7636462497757801;-0.04586456118097257;-0.043288080015182306;0.23596568769862813;0.020065211019923597;-0.04517335801443732;0.04207527872417163;0.03102329866049773;0.09964578031849095;0.9693830841615578;-0.22442627877801039;-0.016088635283819486;0.6869717617951422;-0.021918689181889196;-0.10783416530800072;-0.10040852769835328;0.04719101832076929;-0.03186609943072071;-0.247532432859605;0.0318744582697995;0.27748153028431777;0.9111130537937188;-0.1876369243097924;-0.05240475259152774;0.6169994156698421;0.006006996976601796;-0.09035941640624799;-0.12740025927306947;0.06501043433143809;-0.017854769428653865;-0.2092373685867968;0.033376274944038005;0.41293359729114365;0.8480108842330676;-0.15262658148980052;-0.01974412798355533;0.5386481922776415;-0.0002974427721678408;-0.07944201958675258;-0.07919195831745413;0.04093576364722389;-0.02122499710598618;-0.1662785697007603;0.02850167913531161;25.961017461850872;14.90397040074144;1.6933708571616792;20.437661486832873;22.11165584851173;41.244229474745815;13.232838466863486;129.9330444534905;40.05709881579736;24.618420496025614;134.537866069632;32.201278612614786;29.402761231496665;129.68613622936738;37.900773664548026;25.773159481572648;13.172621891655831;10.976425973324714;9.094953490953152
0.9766246364192585;0.2391091058046191;-0.10938245370708745;-0.22592025005355815;0.2551245381680919;0.19136453069390597;-0.09394005242186856;0.21874000466742655;0.24560236384613357;-0.026343474071835477;0.199912547237108;0.1435665674517845;-0.0173468163023322;0.3148624473776108;0.707238906355159;-0.4212292889823245;0.25426104959925777;0.4813819627007697;-0.08737817142315707;0.1480354045747023;0.23787619228156928;-0.03485944443718663;0.1399984154321532;0.18790155112484705;-0.01886769078037641;0.23174802714073883;0.927567178522747;-0.29310745682040557;0.37349242406456473;0.1475723433652193;-0.05958698767338194;0.1910972013487153;-0.21267075902367727;0.033819380884627735;0.09388663761398514;-0.1790557179255551;0.024538736539940646;0.2127068508945515;1.0131151303894756;-0.16527382655731826;0.3535453965192701;0.0670837445855015;-0.053851056706288335;0.12889968208290087;-0.24017885677389858;0.03271973083603321;0.04498063503001228;-0.20512209981142648;0.028400097641789645;0.23264604702789574;1.0321837987724967;-0.05058202076826254;0.255532674502163;-0.008167001319832867;-0.05090601128246289;0.10785544089462772;-0.1663934184512779;0.0003869822326558735;0.04250419492794391;-0.1656291601430708;0.011325712054379645;57.87218491366951;16.309514402997593;12.603080848387329;19.766029378269756;4.494215918412419;5.378584277070783;53.60264668630087;71.04181980207721;14.170773953681545;66.50550625156512;73.90252746320843;15.748019896549465;78.8087717216349;56.00734537293565;18.90539488643761;72.2606865540458;14.711652346146636;8.248293309262095;6.389348372681931;0.992914345285863;-0.267388841209189;0.4579859934705932;-0.03530389847085832;-0.06694174339589165;0.5632470313585513;-0.03472233341375098;0.07510072349729581;0.4785537185253369;-0.012800887069937872;0.07172281477781223;0.36861352685153365;-0.008919987714563992;-0.1336448305605361;1.0290973165442463;-0.24579358229854784;0.15196585205586782;0.7511707932647789;-0.039993964582890056;-0.0381289944264129;0.21847399114787314;0.028643190687748184;-0.038519835020243774;0.024848908010296124;0.03632646595176046;0.10774753102058937;0.9672298417361287;-0.22990629137557436;-0.008257990182249474;0.6566595855572661;-0.01354656000720062;-0.09992055092087075;-0.11489118587186763;0.0557573730193762;-0.024672952110926235;-0.2376226559706034;0.03360236747562232;0.2940951518737957;0.8950431809314259;-0.20070261773825102;-0.054880155480671294;0.588920672567129;0.0146694855018985;-0.08354274852327363;-0.13161541861946147;0.07521561180419327;-0.012437613829657522;-0.20413548086910482;0.03500226794821242;0.43786358835373446;0.8260655318180479;-0.17158862204789016;-0.01573591290945426;0.5345185144458595;0.010147820197066781;-0.07850604467827041;-0.08018874134255148;0.05105960013312935;-0.024681177644241017;-0.16310988854084899;0.032549124363703955;23.453601841496443;15.806385695490349;2.0968180029583796;21.294797365091583;23.672535171044792;52.63200721696295;13.990808356382335;135.0465983589268;36.02109008548137;26.950337320357193;134.5345423301911;31.75012376676662;31.621939433679565;128.565942384665;36.432787701875775;24.514613928083033;13.384717831096333;11.613420308062008;9.687479311201987
0.9788980593944738;0.23473777871985851;-0.11655045527241162;-0.22530967048120257;0.25155951094892776;0.19078091825321977;-0.0935472724065903;0.2161605264730193;0.26426321070475106;-0.027773080911971025;0.19488935192289983;0.155634272056722;-0.018087948385011814;0.3055558315106719;0.7089739167526945;-0.40690387413255574;0.2777991199833781;0.46193708145956786;-0.07822542510943684;0.15614607541252404;0.2083271296878867;-0.02426910678178727;0.1433006146207095;0.16597523899927127;-0.012804298324966639;0.2260835603220507;0.9327097633914061;-0.2809603549016356;0.3840742763274364;0.12625413745217104;-0.06188545551752254;0.17386356459329053;-0.23537375597063784;0.03261308382710288;0.07509130331213547;-0.18719846676298815;0.0244731855061617;0.2102972112467716;1.020517820823923;-0.15553723330699468;0.3589402790344284;0.048333390302901846;-0.05873376313160216;0.11707696597094333;-0.2505758203652868;0.029724738652773645;0.034654134066204614;-0.20718192642952427;0.026725500912219653;0.23243896631714708;1.0427209829467625;-0.04313577568664586;0.2563556364541796;-0.0203798580765866;-0.05823004150621174;0.10154150978878773;-0.17785072566568483;-0.005403747748846722;0.03652703834754866;-0.166130709097364;0.007908263618597061;59.42370655782542;17.803704676265927;12.082247514735945;20.847685505310082;6.488993381911145;4.413805061497219;57.13018549448394;73.08337354329679;14.507190380251574;69.72544720367043;73.98014724496447;15.481301624437766;81.66880168823654;56.30233949609364;17.814379592638854;74.46631132524429;14.556542436787804;8.062734768991287;6.245724380352786;0.994420469716152;-0.24924877420888805;0.45952812351020816;-0.020483867349779132;-0.06299524589288283;0.5364979672127904;-0.027908969766888836;0.07134562263761443;0.46607417185544214;-0.011048693716502479;0.07228342116232485;0.35087848111925946;-0.007970707218619283;-0.11926116481251571;1.0421805610955217;-0.21017752318514352;0.15289011854854245;0.699996881905082;-0.03077381626585988;-0.030662571136003073;0.19413439539202165;0.02874268969347827;-0.032592768728931805;0.013419931246675338;0.034143017552366775;0.11353836699655843;0.9729849675129637;-0.20102062633857198;-0.0012592048943618594;0.5892104420113461;-0.0029671985573207975;-0.08928909265606988;-0.11521044740462998;0.053375001955684086;-0.022858654395148947;-0.21655596573290573;0.028991205779764752;0.29610109489257325;0.886236751931888;-0.1787890761493147;-0.05146434127625343;0.5295517208023492;0.02121769274559011;-0.07411645469282295;-0.12247968616525735;0.07187356944949111;-0.011709902638540718;-0.18783482953344724;0.03033830913121827;0.43965975907511806;0.8016133180470576;-0.15569070941383906;-0.010103106625233923;0.49843731533412344;0.015712038940961102;-0.07380595055314067;-0.07690853596193256;0.05229065788978228;-0.027619462126133115;-0.15293381261151603;0.03253397394289754;21.76736164027258;15.473239901201735;2.9373474081746207;20.68995456331139;23.815512565993476;61.93413614265071;13.159500085382072;137.96241827946767;33.186738714351925;27.266386886935756;134.2515261569985;31.436534356607787;31.91398368516916;128.37798189848857;34.6836368834094;23.58789874782707;12.9226070348383;11.61786111410701;10.171209561250702
0.9817643453530668;0.23205046755121542;-0.12109489586161812;-0.22730180835425606;0.24799826044759404;0.19388710093196937;-0.09341422746925501;0.21141574071989774;0.2814626387417281;-0.02716585616222566;0.1909109235761408;0.1644120831998852;-0.016307511360114692;0.2953708771777041;0.7111431737767381;-0.40096334384715365;0.3022985621208677;0.4382002635392662;-0.0678450555821779;0.16400274894736805;0.17525017209666954;-0.011838205264877166;0.14419170058278807;0.1414399112529317;-0.004417243222513746;0.21917555972201233;0.9370797265760168;-0.2717418997150794;0.39218485325242736;0.10648217974876205;-0.05778932180827512;0.150036488650007;-0.2576717384699116;0.03689801272884504;0.04896655109930432;-0.19122958109314017;0.027003596086342625;0.20705117640608495;1.0263583407036247;-0.14289902164625085;0.35877175067402756;0.03264016725263874;-0.05960770958229058;0.10012347736715019;-0.25866744191406493;0.027649786051582484;0.01907925060396305;-0.2026588583382856;0.02482925017320654;0.23195588579392298;1.0534223734197217;-0.026462795977753136;0.2529218711514354;-0.03084506313081408;-0.060599533718093505;0.09118604427098125;-0.1881439393345169;-0.009205045220995495;0.026277435904834053;-0.16274342158666139;0.004720833227545618;60.933369182239154;19.116427212430573;12.342872024773195;23.23983322222507;9.55889590343043;2.909647370144245;60.60940336710016;76.26919194419953;15.732083822573514;72.45811877630686;75.2988564294585;15.73559766003131;84.35891808206429;57.53193277104797;17.192561370080476;75.85207072827458;14.613952878387973;8.179227919605038;6.445760158642889;0.9944462321287796;-0.23246627616573726;0.4551125498904212;-0.009702251454369435;-0.05635550795562463;0.49764880809165335;-0.019382045303575627;0.061796308785573316;0.44793996298395194;-0.007427093719730178;0.06823674981544295;0.3241337767724377;-0.00488654008031745;-0.09886956710798561;1.049748703328261;-0.15941827810209405;0.14550826679810122;0.6296644604232732;-0.020332348553619015;-0.022426527446403072;0.16749592620874074;0.0239699810701741;-0.027491406237882963;0.006168722843242279;0.027822593272861736;0.11734772821299304;0.9809881506958702;-0.15456959234450326;0.0047111728279191035;0.504990744791749;0.008025821240199009;-0.07780037306600093;-0.10725543852948626;0.04487153656550391;-0.024199909531676087;-0.19044270608579145;0.02109751720997608;0.2891149496733667;0.8806333921711293;-0.13844615836907556;-0.04488362614186329;0.4561945875131143;0.02600452698981168;-0.06382589077747956;-0.10627215368355342;0.06097849177156846;-0.01368017286001106;-0.16613601285940985;0.02242144793571377;0.4273791406833714;0.7762230481903761;-0.12099324095867335;-0.0039794223156075295;0.44619082417870054;0.018033320738869665;-0.06720973338183008;-0.07132213781270566;0.048280974374173946;-0.029978761413123913;-0.1393132659060557;0.030154908018594693;20.618496220573817;14.366558556158509;4.034221859010891;19.52580592534762;22.82758804160969;69.95368735135435;11.632785455055592;140.0545494061136;30.59866757282134;26.47348656180554;133.95985895384138;31.105254036020835;30.965162900300815;128.97354209242064;32.592455407024815;22.852078562140765;12.063097953360653;11.2298746541899;10.578327409114232
0.98463063131166;0.2293865610122996;-0.12552429264859488;-0.22921791182329532;0.2444767725851471;0.1968983200323986;-0.09327030152989889;0.2067414205546892;0.29825264771917714;-0.0265676333223215;0.1869895746812101;0.17297789355768747;-0.014562777888502052;0.2853604662138535;0.7131615012882883;-0.39509101149275944;0.3262293080436403;0.4149069991863954;-0.057676848157157255;0.17166719354408555;0.142855283345619;0.00032842350332644665;0.14504252765660677;0.1174088362480056;0.0037909840001343125;0.21238317559826553;0.9412184632673214;-0.2626807779939335;0.4000642344535347;0.08711767940070292;-0.05377234979092372;0.1266972460164667;-0.2794546927473263;0.041085824691387385;0.023393653985135026;-0.19514632950997415;0.029475889250085274;0.20384417635858848;1.0319230449157701;-0.13051025844671982;0.3585541039329782;0.017277971282027127;-0.060454194304010944;0.0835180673469966;-0.26654789496713643;0.025615172577927413;0.0038348547379741665;-0.1982027981375849;0.022969928971925208;0.23144905482678485;1.0637399517346973;-0.010142717267309805;0.24952441682537838;-0.04108178725315015;-0.06290941482430493;0.08103877775692907;-0.1981892360663126;-0.012923644856861594;0.01624330598078618;-0.15940470300324927;0.001600917818045438;62.40717689610308;20.31310537147351;12.507161023479984;26.122137291635717;13.592445631282764;1.3298314673111187;63.99061198697345;79.1189856449712;17.400125679820146;75.16203506666898;76.52592491490068;16.258847924306494;87.03190101050077;58.5370398408222;16.899188921991307;77.208680854826;14.669468710048351;8.295109284926115;6.630553042101549;0.9944719945414074;-0.21702625428396932;0.45030463569784074;-4.735873131671481e-05;-0.05031430423385827;0.4619839013243668;-0.01172406051022127;0.05314425016068787;0.4308840050356848;-0.004176077706349224;0.06449072504966029;0.29961612435033436;-0.0021206857369585547;-0.0804565912067735;1.0545263923190331;-0.11374832722013946;0.1386350443693776;0.5656101979251258;-0.010961360251591338;-0.015022768085982807;0.14336966507658827;0.019658804790093406;-0.022879817143418756;-0.0003240296942154172;0.02212078870461983;0.12053042597288266;0.9862848063658177;-0.1127594658852948;0.010038537736547408;0.42876008121219333;0.017836114661419402;-0.06738459958953728;-0.09994232631505122;0.03718628014760252;-0.0253529151426872;-0.16674244641311103;0.014002267572675453;0.2823236294930057;0.8739585397952067;-0.10212593624603862;-0.038916887256329614;0.38976515312894705;0.03023375127672237;-0.0545074671443297;-0.09158485583500006;0.05112514680333449;-0.015415296381514376;-0.14642735142566296;0.015302981216257698;0.41559399160456995;0.7520603951037582;-0.08975191088303286;0.0015014139814843348;0.3986488628302477;0.020073937508232262;-0.061186886453761385;-0.06619407712039764;0.04460577561796298;-0.03203075104842835;-0.1268756667100775;0.027971447394356697;19.56734673912947;13.274750456861035;5.118209571864877;18.787242495474366;21.59423323652493;80.9025422762554;10.486946443654464;142.33887878443653;27.745626712415465;25.90588242155848;133.60705846002077;30.780277836372743;30.00386475885105;129.59137971488462;30.415302591123602;22.191955947508905;11.266572699102255;10.86737168495042;10.965734214636802
0.98514619446403;0.23045229890792787;-0.12336909786374158;-0.2287537430146437;0.2421242933093036;0.2010921881285527;-0.09242111126953614;0.20309728611834177;0.3036907715153402;-0.02512105332513419;0.18391556796600314;0.17578198456495112;-0.012250711885266472;0.2828108040141217;0.7154438855551436;-0.39381974979524675;0.3340542905995768;0.39807368744970595;-0.052847255746258016;0.17514046604596;0.12335779478653122;0.006880113322112137;0.1454806389405046;0.10107679197563366;0.008727530081140569;0.21017621198560407;0.9423571237644888;-0.26036322936563505;0.40159627636073286;0.08427169451536555;-0.050418553865451576;0.11545675953682322;-0.28693793843292426;0.04435515951181036;0.012070576996060331;-0.19608203340245006;0.031499427866046786;0.20156663681270415;1.0333492068338528;-0.1267950570418374;0.357557330801414;0.013440980688145667;-0.05917668436851508;0.07531020617514073;-0.2699181674296867;0.025276970067272843;-0.0036697061584297624;-0.1946135899798751;0.022273448523351662;0.22789307090511013;1.0661119186595738;-0.004627171788307341;0.24724599253536697;-0.04092083320018157;-0.06181332834540546;0.07681790309805898;-0.20037016864528198;-0.013558889259683703;0.012737845216246444;-0.15744373187672137;0.00044219751241486046;62.77291375147943;20.43633115687827;12.555816644674792;27.5955031314383;16.67531539593618;1.04753679519308;64.65935097264429;81.11594604484343;18.210204431017306;75.93487974973577;77.66222682614456;16.639193328292734;87.35105455896803;59.665624900295086;16.77056141339708;77.1043428014603;14.643886103969015;8.361102314535424;6.703023666374206;0.9939309584136964;-0.20768339889908877;0.43519362668582623;0.011190048427979061;-0.04680851631891452;0.4387522263682711;-0.004925876421051948;0.04584518538311627;0.4108636970606527;-0.0008597514031767821;0.05171841798305964;0.283604766237828;0.0012526915541518386;-0.07532368943684718;1.0585669931719892;-0.09148793396077282;0.13128301125686084;0.5300749979091487;-0.0051886637429699725;-0.006682038695901893;0.10441650533156767;0.023346364282903397;-0.017908325465993247;-0.033473053652340115;0.024043662094170016;0.114456908124739;0.9888431078374285;-0.09533584984118476;0.022705449817393246;0.3822208502912261;0.02095431341529679;-0.05830711514258154;-0.10538864525685374;0.036234237173110966;-0.02740481968838687;-0.15802935974751417;0.013252089323562644;0.2708920078601651;0.8680758716817882;-0.08941684731058032;-0.022846146767134486;0.35006248607509804;0.029633205890702348;-0.04945385039260231;-0.09323084717273662;0.04801808831495576;-0.017313729653737554;-0.1423354966503063;0.014001901561080866;0.4029817480947866;0.7308978699412114;-0.08063933781840671;0.014372616514855456;0.37132680374931043;0.019440231760378693;-0.05766954023791138;-0.06923607185851928;0.043984642349143774;-0.03497351337217635;-0.1278280699040201;0.028284294448255174;19.52008832691311;12.467015994013874;3.9851055378861724;18.482643531776645;21.82165023515758;125.74478710269277;9.178687864090575;147.87555515445504;22.263617744881408;23.485421603779717;137.4763311753046;27.632832273197256;27.95044153617043;133.49849708079955;26.957178423910143;22.31498120566018;10.642414014254733;10.679228527908203;11.484945332303878
0.984492897091054;0.23335539974850378;-0.11799351754436542;-0.2271352242597582;0.24034474029342573;0.20589014523090077;-0.09122816284297935;0.19995123132172762;0.3036180472032993;-0.02325527328027206;0.18125171003480378;0.17579018921636072;-0.009652676445879594;0.2839094647391823;0.7178976035552123;-0.3948097888815011;0.33405658499142865;0.3843474220487855;-0.05060922186416552;0.17658793133041945;0.11008940364794394;0.010714933138307898;0.145725584838813;0.0884455184109411;0.01208575616923261;0.21021063142194044;0.9420780652855274;-0.26134347006395015;0.4000516025369451;0.08948951284371637;-0.047377612894295124;0.11008806057883994;-0.2874774234635579;0.04719093747595454;0.007665236743028965;-0.19557396708308383;0.03331331018713555;0.1997433995146166;1.0328067351452925;-0.12730887177566452;0.35619238207036785;0.01522065769758779;-0.056858922064014716;0.07117599621550354;-0.2711107270774632;0.0257674843202645;-0.007422810829521018;-0.19144248125500427;0.022143384816846558;0.22284339769153635;1.0646603480083145;-0.00436897847017769;0.24551660927812324;-0.03568054572682115;-0.05905143748715646;0.07547935380715494;-0.19872643258441047;-0.012690714379789886;0.012408917835023637;-0.1561553425329107;0.0002371167498760137;62.591989952745145;20.077523944073448;12.57857405444873;28.285735230417625;19.100254411674236;1.3020819024285497;64.01828831586467;82.81286680201706;18.491363656246115;75.75920086978384;78.78706296594703;16.892437114118025;86.49026416425473;60.94965479462933;16.61806556835066;76.28232049404;14.578985452999065;8.403232683794219;6.727383462894712;0.9931080904860504;-0.20112245439678028;0.4155905903074684;0.023178218493812797;-0.04444510441516094;0.4211854528398778;0.0015080135283083579;0.03914587178286751;0.3896120067421355;0.0024965723352030674;0.034881440694975424;0.271462122368853;0.004909930828116142;-0.0761511398900542;1.0627113971729332;-0.07967362252200919;0.1237440931449958;0.5074040118874698;-0.0010102527190681537;0.002103557046070364;0.058734202591011114;0.030637832122560164;-0.012766136762780282;-0.07868446635320511;0.029397294858589048;0.10426305788052821;0.9905762804427451;-0.08881355406477887;0.038710817151515926;0.3489753754108915;0.02109414558823281;-0.04982179872125181;-0.11660945651185636;0.038308931457079726;-0.029877049034253027;-0.15606203967848606;0.015346363170490802;0.2574515436497309;0.8628730714510516;-0.08727523260738053;-0.0022055740263363186;0.32233591139300527;0.026879365092546764;-0.04631300804166212;-0.10223437955321835;0.04794109594625746;-0.019298526671806635;-0.14528061526099273;0.015307401499341554;0.39011695215960424;0.7112984881809085;-0.08143888345744017;0.03060240784431669;0.3531165218187514;0.017614408117363787;-0.05528544703305031;-0.07597476820611168;0.044746691211393914;-0.03833894578234005;-0.13483125744210064;0.029727414484504642;19.970858574707393;11.762214406456964;1.7173813823190518;18.26845131088362;29.82286433843293;131.72296017981023;8.539439254178202;153.81799285928136;16.508695901360515;19.862843376104415;143.08499952422295;23.595823967697385;25.260695284517283;138.6657349600615;23.329611460720923;22.85719235322224;10.106459395368972;10.568172748859666;12.07238267782894
0.9838395997180784;0.23624774323210002;-0.11263728733279148;-0.22552233339735123;0.2385713848274676;0.21067050958110942;-0.09003944131790806;0.19681636577924003;0.3035452722949474;-0.0213962276611305;0.17859731402033588;0.17579818233036043;-0.007064041974745116;0.28500385210450385;0.7203416908575372;-0.3957958333691527;0.3340585255620055;0.37067048023920357;-0.04837924254367312;0.17802997076977053;0.09686896118859843;0.014535850874311541;0.14596949273927937;0.0758599080588711;0.015431805140935445;0.21024470876156234;0.9417990432709159;-0.26231988969911046;0.3985121102695586;0.09468833793397342;-0.044347638224728175;0.10473869497857873;-0.2880146569652439;0.0500163944964522;0.003275846175353946;-0.1950675388700608;0.03512058756526606;0.19792655999892414;1.0322651602522457;-0.12782069362710455;0.3548320092344248;0.016993872380118336;-0.05454949666010234;0.06705668812844343;-0.27229868646981137;0.026256195115879132;-0.011162312824960465;-0.18828266133843982;0.02201376934191358;0.21781178559658496;1.0632129342668113;-0.004111715895685556;0.2437932364899859;-0.0304592034205957;-0.056299490043729486;0.07414557512146665;-0.19708844514435084;-0.011825671193373384;0.01208116910423354;-0.15487145865615068;3.2778613092723525e-05;62.40253332805454;19.734352598970272;12.605933237593863;29.020171815082584;21.661362100093715;1.6616362849099109;63.38153682232145;84.50547700620393;18.768681472933817;75.58306075389616;79.91039989635667;17.181584838433366;85.60822665352843;62.25857254369669;16.466732314671173;75.45985238246075;14.514559929821665;8.446135056256772;6.755279526647678;0.9922852225584048;-0.1947694369247306;0.3966350264090078;0.03473119258025633;-0.042160554865144174;0.4041919965770787;0.0077098861985218994;0.03268238665076187;0.3690708629758852;0.00573161927940459;0.018646140841468005;0.25971855469301386;0.008434710309819717;-0.07693800473214497;1.0665561334174802;-0.06827369186406358;0.11645928443566923;0.48547804259870864;0.0030177590121418366;0.010572322628756091;0.014689458789239248;0.03766226412671163;-0.0078074076905926765;-0.12225584383535242;0.034553884745530686;0.09442172662392817;0.9921068641026528;-0.08251368214881959;0.054134057059527785;0.3168783153336995;0.021225955439357458;-0.04163514750250018;-0.12740950013026334;0.04030345756098742;-0.03225598050536312;-0.15414351994547648;0.01736301212201085;0.24445889645317948;0.8577356427886448;-0.08519842967934495;0.017691660200605336;0.29556268227908117;0.024220938420872595;-0.04327877349249799;-0.11089906347309347;0.04786009487151517;-0.02120908394334678;-0.1480990713500716;0.016563700459402163;0.3776604634308472;0.692304610935244;-0.08219810075447156;0.04624313323465069;0.3355123721353749;0.015851874250956525;-0.05297942762501271;-0.08245993009152452;0.045474953841741765;-0.0415777023024213;-0.14156305435084504;0.031114335164590178;20.457216953570438;11.015592290366993;1.359728242991919;18.053162200273995;66.02674441008702;96.22849881869101;9.514595117335535;157.87106141007982;12.115346480948258;16.064718155047835;148.16779084842042;20.11789525635536;22.4613299542264;143.35998374127533;20.192715130119588;23.46800614381916;9.597763128886307;10.45469458179787;12.65162861566498
0.984957850694893;0.23984650754932207;-0.1160657535778261;-0.2249997682027375;0.23814965023754087;0.21184765106981981;-0.08965137892919688;0.1952352556516587;0.3086659545529114;-0.020698916371902215;0.17557137160148875;0.18209475338510053;-0.005038123986979861;0.2865138125424301;0.7213079572154808;-0.3948012350206096;0.33669749627001083;0.3617873963998322;-0.04453657006159681;0.1795418757882964;0.08072676056372778;0.02061126157554749;0.14458566222030264;0.056354099711030066;0.020216149501345215;0.21163789493849702;0.941754586529219;-0.26135741844681065;0.3973148231799973;0.09928598699802497;-0.042087789916541204;0.10145651375646733;-0.28670238463015235;0.052131351617191554;0.0007617955779060599;-0.19336628306051992;0.03666076259436789;0.19841859588762764;1.032564108367846;-0.12657943581667175;0.35442592382155297;0.017969039746664573;-0.052487468456870086;0.0643353266971569;-0.2735314622677447;0.026935981076785232;-0.013287454518635963;-0.18778346374057445;0.02203232078995216;0.21650700803964854;1.062904500618471;-0.0025474593934033205;0.24291584106845251;-0.02827766958388357;-0.055492442022029166;0.07267632536548653;-0.1982232614062189;-0.012142102673302391;0.011908327924639304;-0.15504995103670197;-0.0005207249620872461;62.844204743082756;20.107605880138504;11.82053567449189;29.786199600024776;25.37957984290442;3.236543090795293;62.736218776164954;85.64303546488857;18.979247593480277;75.43810960428677;80.63802213108362;17.22671771422607;85.21782615678815;63.1730597714923;16.0361912636544;75.92913879777855;14.47871807218184;8.469605955853323;6.759785163378785;0.9918170712649904;-0.19130393945950425;0.3894467289684853;0.03938101305393521;-0.042882595354163396;0.39324108038401845;0.007807429042592534;0.030665744964537466;0.3628900172554715;0.0048957441754488625;0.01518645657934546;0.25958984264616547;0.007292849667816845;-0.07995566132768227;1.0673411528332248;-0.06825021285730341;0.1174728171044537;0.4783285750055578;0.00016691331296639104;0.016222949771935644;-0.004602988132563683;0.03679703110810617;-0.005697648321807155;-0.13911365232319106;0.03468833229978494;0.0884033348904437;0.9924088168329696;-0.08549614407932915;0.06452082100289157;0.30599456023909727;0.01904154385499403;-0.03639192955278773;-0.133974936185162;0.04136117150432833;-0.034157987906488343;-0.15431246234186846;0.018340879876491772;0.23835653848914523;0.8546047874732031;-0.0908084719602077;0.02967165627938066;0.29199201143703823;0.021110588478949793;-0.040756459696195124;-0.11752814784976623;0.04988563820092958;-0.023705274516946016;-0.14884180891729626;0.018835395749874285;0.3721378646017458;0.6824694892502189;-0.08976900856712348;0.05642037838674487;0.3366138081580864;0.014203294523369197;-0.051748800605956616;-0.08605809924594329;0.04789488612184796;-0.04429286081047948;-0.14396621022459624;0.0334374223545366;20.311872130340667;11.058058219699012;1.70154407465756;18.438555586351995;90.83300637234868;71.69279206616127;10.804930640221324;159.66380422861548;10.31854748012967;13.949359411369759;150.9428805761957;17.648476759184152;21.061120665456322;145.1988477813773;18.45604283312046;23.57156842589253;9.432182306387558;10.489562971231887;12.96295914731614
0.987257254848794;0.24393875485812103;-0.12538569094751187;-0.22520062628072438;0.23862649308685058;0.2106229836351742;-0.08979511595297048;0.19468061852923874;0.3172877969207554;-0.020773223707347556;0.1722761554154272;0.19263289239773973;-0.003375057383064196;0.28830899749233885;0.7212872804234585;-0.39247355988135524;0.3411130493672226;0.356047266850066;-0.03959099652231014;0.18110885051589756;0.06252690349883162;0.028232398478496422;0.14210402496008653;0.032097163613326825;0.02599245057510753;0.21394663450495183;0.9418591590507691;-0.2590910305205154;0.39633531382546106;0.10351093092943957;-0.04032758140129367;0.09953360629958176;-0.28414345801905516;0.05378483094054859;-0.0005154042204773234;-0.19085406091440596;0.03803214628901336;0.20045510762583565;1.0334185123850863;-0.12415768099855273;0.3546520918460794;0.018417109728382387;-0.050576978850389205;0.06252996439818904;-0.27480001904346457;0.027747642084096434;-0.014347507428858814;-0.18905744777051567;0.022149827793460013;0.2176824353468187;1.0633467838189496;-9.967652831492131e-05;0.2425961479030582;-0.028113053215611576;-0.05597935853031608;0.07110645443868147;-0.2012167302620027;-0.01324998174924691;0.01183778589181872;-0.15620557603527097;-0.0013111334385264909;63.68757051622052;20.94765356003694;10.555079768993563;30.562791294435073;30.050932758713728;6.47311599712366;62.079299962832074;86.41675379380521;19.151920664418345;75.31276567115911;81.10227418944572;17.091227216142222;85.16524983496213;63.80530783675953;15.426698697382147;77.22857960270153;14.461465334325379;8.479687452977526;6.747268249160447;0.9915854219442926;-0.18964030956764638;0.3897837242365312;0.03962339253315308;-0.04559339689552427;0.38596666503593063;0.0039056440159817435;0.03151240763980726;0.36596038316027574;0.0013697992716072583;0.020013462333511083;0.26706827177578896;0.0030625634940701653;-0.08451147363013248;1.0661251068775148;-0.07568300790428924;0.12395048702158867;0.4806768264994697;-0.007266029275616159;0.020169908797155304;-0.008160608233547742;0.030737141497141792;-0.005401689159621954;-0.13888695162658082;0.03153343742393525;0.08473644131064778;0.9918988367561992;-0.09463843381896228;0.07186968564503785;0.3087354816959784;0.015282790923377322;-0.03294414650588683;-0.13792976396768541;0.04183111963635695;-0.0357953284904532;-0.15585194119157572;0.01866243042185105;0.23661219913065049;0.8526973329439368;-0.10159930156322114;0.036766365280203404;0.30353663922761376;0.017624414573336196;-0.03850487548545036;-0.12299004399853801;0.05334303422564012;-0.026648650721225776;-0.14824060470754657;0.021830357132871944;0.37101472741495456;0.6783780047560749;-0.10199697968233852;0.06327457757069044;0.3500009701249722;0.012587202593717135;-0.05119104741741935;-0.08785415962747435;0.05148477831808699;-0.04673333239815628;-0.14359090107598563;0.036432937180454726;19.73207456566959;11.66385954806452;0.7741462520724389;19.241607182481996;95.05053275732055;68.19476584494006;11.598669134850596;160.80197134866975;9.79055330047868;13.067161042039793;152.25881031159898;15.827780147656327;20.713181210642734;145.28039103970454;17.51666542452854;23.3101262119107;9.484010949308722;10.626523852301009;13.102217530436498
0.9895566590026954;0.24805289800046412;-0.1347600430222308;-0.2254003048405122;0.23910366507845612;0.20938876507559237;-0.08993876332668947;0.1941206061110029;0.32595785008543077;-0.020847755844130678;0.16895941005682164;0.20323202095068996;-0.001702008702719123;0.29011187102791086;0.7212588545824332;-0.3901278142887701;0.3455514045928642;0.35026904288527017;-0.03461542616170465;0.18268328227009142;0.044217536500109345;0.03589881707147082;0.13960604332152113;0.0076948133704105165;0.03180302350642237;0.21626692025434824;0.9419543997422607;-0.2568083487932135;0.395345756242113;0.10776004891121742;-0.038556419168686656;0.0975981461417352;-0.28156622315237156;0.05544763071180077;-0.0018002371904465861;-0.18832479608807676;0.03941132982242689;0.20250168005000352;1.034267101174016;-0.12172012967154246;0.3548758631754309;0.018867664803268163;-0.04865452837627078;0.060713143606444586;-0.27607325758595935;0.028563864092220125;-0.015413748576320321;-0.19033705248929308;0.022267803411642587;0.2188625912782417;1.0637804705979852;0.0023627469826724375;0.24227197802554365;-0.027947155108257817;-0.05646859535855533;0.06952644276563785;-0.20422597507898738;-0.014364346702002364;0.011766696816270447;-0.15736646115330544;-0.0021062552940386823;64.50196198469177;21.78165048061282;9.378668010295375;31.35239350033894;34.94111127060627;10.423046182218926;61.417842330035995;87.19482656740172;19.330471202858654;75.18567668845205;81.56591068883355;16.954686639918346;85.1130140587307;64.42777766964439;14.826980382160547;78.48939933697237;14.443898449089609;8.48966787505056;6.735026484233334;0.9913537726235946;-0.1879401795995583;0.390085785524734;0.0398644418566544;-0.0483286207932167;0.37857646513111376;-3.816638262118591e-05;0.0323649907595169;0.3690273401802758;-0.002193909421988675;0.024890002866712373;0.27460010978877436;-0.0012131704303607778;-0.08910755090798204;1.0647906963710017;-0.0831876433777105;0.13048503313703289;0.48300262301944424;-0.014777576922910537;0.024156995402619945;-0.011755388071230768;0.02460954321893735;-0.005102037603118229;-0.13864410255712306;0.028341756858643263;0.08102203891623411;0.9912853644731634;-0.1038689337153507;0.07928987196933505;0.3114751351980569;0.011482414400491933;-0.02945631265908651;-0.1419131626752263;0.0423019479579853;-0.03744660415224862;-0.157392443087259;0.01898556771706613;0.23482585517760554;0.8506852327079074;-0.11249524622099077;0.04393315363362352;0.3151744648782664;0.014099294530342182;-0.03622545645799504;-0.12849807109226596;0.05683205410108576;-0.02962080398474666;-0.1476183308625409;0.024855122375922818;0.36984292924783885;0.6741757984628753;-0.11434536351214142;0.07019566906850518;0.363496400189673;0.010952619707803372;-0.050622281701387085;-0.08966070287658788;0.05510789203509337;-0.04919522873592888;-0.1431973926380784;0.039456818299243905;19.161120434452787;12.291631930866897;0.1883826245989605;20.06139454380693;99.11665625266555;64.70887096630673;12.498391195905796;161.51022334776064;9.7137815278755;12.329998457050115;153.29622307507796;14.31773467414161;20.460285719093054;145.25430890305654;16.68289947822495;23.059893836501335;9.537278771541205;10.766198370878156;13.244646559497241
0.990254007554722;0.2538498006527573;-0.14170101142607444;-0.22398062902333668;0.24411413216421476;0.20907821050879383;-0.09008803586048783;0.1964917593864307;0.3300375190366469;-0.021097380300355663;0.16847988353522375;0.21036835209582352;-0.0015432346778639782;0.29817724328119855;0.71437024642787;-0.3927869878693626;0.3503275189571865;0.3542152938862085;-0.032404166908316656;0.18427882414668662;0.039354608323007016;0.03961365657186954;0.1398494306414484;-0.001373573468699589;0.034373087314848894;0.22279069206384805;0.9394982357806788;-0.2602064036389256;0.3982007642371422;0.11610716479541261;-0.03729799514932471;0.09915405440922168;-0.2757850582683121;0.057033450504155904;0.0002372518487612221;-0.18859117205641684;0.039952177205455214;0.20713206535233827;1.0354996412409723;-0.12515865769903403;0.3598013666710485;0.026109584501932914;-0.046064765455656714;0.061960393007941456;-0.2750881692723778;0.031293079630826365;-0.01446659868946974;-0.19382202435999868;0.023047758690087943;0.22187459914722713;1.0665047765672706;-0.0012027171140169177;0.2452651331651199;-0.025455107863938172;-0.05551385199386282;0.06988763516496502;-0.2056981837299413;-0.013516734938596368;0.011980392172412532;-0.15985111482615164;-0.002095065698913528;64.61346205174041;22.2191927358677;8.403934196353267;31.31807055100514;36.561854836175655;12.451729290400735;60.11512167764633;87.54070752393959;19.327725572823645;73.88751818363343;82.38688791368405;16.855943660897783;84.30195957480798;65.14171308642344;14.738357323532686;78.69652776939749;14.661807365629574;8.557791442911974;6.710311392445188;0.991159043231055;-0.18749336345032921;0.3880607765971969;0.03902359178634795;-0.048775011905453816;0.37920896520712966;-0.0018611290461219836;0.03340261554566051;0.36910897372621254;-0.003913715368001655;0.022112447187001335;0.27541793010399845;-0.003274878504750728;-0.087915302638791;1.0654077300269227;-0.0876758898088728;0.13052945347948378;0.48683434763131267;-0.017299254995679064;0.025050051766778676;-0.014157706292224133;0.022910292509640228;-0.005479196538402701;-0.14126835789655595;0.027202418593006157;0.08352174399857028;0.9905443679682898;-0.10883920877027052;0.08163160766445708;0.31720875718843067;0.009121367477698709;-0.029256369705221868;-0.14271342839301995;0.04219297443671546;-0.038338810354309194;-0.15860846021970235;0.018993386264118426;0.2383412994249655;0.8477405831874614;-0.11785746404102755;0.04815544216817364;0.31928827201462767;0.012891477008960515;-0.035996617094174496;-0.1283997940113825;0.05819965762765821;-0.030942440268712238;-0.1481830672525715;0.025905294142465615;0.3741952832744009;0.6680938717091554;-0.12016612252053116;0.07318679776693257;0.3650744759123949;0.010976425720021898;-0.051125438591280395;-0.08742949262495862;0.0562675181642611;-0.050646861696068246;-0.14160664981677734;0.04021163227146889;19.223929470708494;12.504091210948854;0.5853240398741052;19.8782230179214;102.51318767996322;61.99967454178138;12.39399499878485;162.03118832313794;9.71325479707028;12.195997890306657;153.23175825882973;14.350821396921406;20.768181127715497;144.28705957139724;17.172164710326495;23.24057768576123;9.620454955661064;10.890487112193668;13.470218153384575
0.990281093040287;0.26050687252992616;-0.14776566727322094;-0.22180024710070287;0.2511961425980757;0.20913764139327848;-0.09023488873476498;0.20017482739897466;0.3322120367133609;-0.021427389793088048;0.16919669743570237;0.2161820373387756;-0.002034371328992966;0.30913939959369346;0.7042583830609964;-0.3976426643573233;0.35534516497570795;0.36243652780506547;-0.031323985986411014;0.1859087555388741;0.04016603092964567;0.04171821612388543;0.1412702889751093;-0.004062581635498594;0.03560945655023698;0.23128686578658023;0.9357794500415231;-0.2661262982018219;0.4027556332755313;0.12644139103649998;-0.03622313499609501;0.10225137390222469;-0.26843432730790884;0.05862360669240278;0.003766029483263484;-0.1900542724929398;0.04014153196180329;0.21298482128496565;1.0368291719147866;-0.1312179210938938;0.36685742928496595;0.03648132298164658;-0.043111428328433954;0.06455966178004674;-0.2730730343587164;0.034920332876923164;-0.012622096499520383;-0.1983358997096547;0.02413277847065834;0.22573841809452788;1.0701876556034455;-0.007470258492000029;0.24974921602629613;-0.021887326174141977;-0.053903555064404425;0.07109064890628879;-0.2065259438206726;-0.01179679844125788;0.012321798987393641;-0.16295977073622325;-0.001734915881888898;64.42753937331457;22.49729696238042;7.491667727924112;30.965385199268084;36.77856711570983;13.583500418370406;58.54173069655036;87.63874425393259;19.305690048888252;72.10961731006422;83.31577497019015;16.816299682371493;83.16971477858202;65.89225583243709;14.870486010050366;78.43976517386716;14.994079605898625;8.658852660830096;6.682313697046471;0.9909797602838396;-0.18757527956398723;0.38504892037483973;0.03772460942120301;-0.0482538963005387;0.3832319210781541;-0.0027887658703311478;0.03451905275416448;0.3679270385741037;-0.00485519390779903;0.016097053668686665;0.2733967774911016;-0.00440203072483179;-0.08427480931662856;1.066845645246365;-0.09089172072040412;0.12782962598199626;0.49130332461972404;-0.01771314219133454;0.024635615356808586;-0.016057531098973888;0.023081852821540245;-0.006142720641937527;-0.14510593087663368;0.02692980091828848;0.0886498824959643;0.9897447280154517;-0.11201148021105438;0.0818277047763521;0.3242107607143345;0.007367108223155637;-0.030446129776315122;-0.1421679673738991;0.041838631775815385;-0.03891057968453985;-0.15968747824096033;0.018867827389160118;0.24409954453914579;0.8443960253937599;-0.12088353715576086;0.05113568822708835;0.32022279964397604;0.012662405812189232;-0.03663435408833806;-0.12593081684473215;0.058671136091354825;-0.0315671095750114;-0.14924938218349185;0.02612132553950298;0.38088445231091217;0.6612101812261163;-0.12323087455319671;0.07451830640355088;0.3616140012493858;0.011701291573206051;-0.052081889914999284;-0.08348937158352958;0.05638626980135425;-0.05167220451397421;-0.13950805442053107;0.04000754816733712;19.548099152023866;12.540255491735003;1.9971282373456556;19.27710980491253;105.73192626012059;59.527852341753864;11.86355626423699;162.56272212426524;9.634665284133922;12.280358467628146;152.76122801152724;14.952194553464137;21.28868707073284;142.8953396831689;18.234140310280647;23.600781883779717;9.716563711391764;11.009018128443165;13.732991238684525
0.9903081785258518;0.26735920724669787;-0.15401961580723567;-0.2195167950317454;0.25848918373911905;0.20917247544529888;-0.09037528843879249;0.20395878747531007;0.33441886305059226;-0.021765994727197258;0.16991655998110108;0.22216768939273146;-0.002542102539059746;0.3204383564599849;0.6937098288531;-0.40261432175369927;0.3604897370929394;0.3708937177711227;-0.03020274848796309;0.1875709412879202;0.041000182373969817;0.04388968162602475;0.1427219124484977;-0.006843347378104264;0.0368837172679448;0.2400451338035999;0.9318138688707223;-0.2722154432014988;0.40741550962753714;0.13711413884794194;-0.0351067768851868;0.10544195688387872;-0.260797163022163;0.06026086364937764;0.007415419677095363;-0.191543374395477;0.04033227202912886;0.21901129196835367;1.0380722733690075;-0.13746839968842428;0.37410890130879626;0.047204327804225094;-0.040051254823962185;0.06723990362036397;-0.27095396963558227;0.038667610052337806;-0.010712691485873588;-0.20297941100593225;0.025251957777975658;0.2297060758504701;1.0738606134279463;-0.013951923039416517;0.25435536437063194;-0.018194326207413222;-0.0522311345116835;0.07232589055085017;-0.20735580540738374;-0.010016338781610836;0.012673352058509406;-0.16615434719321492;-0.0013621863360825637;64.22858194911684;22.780112973603888;6.587699997835867;30.652438816369216;36.9952795094701;14.731847836569024;56.96570725956774;87.65166508898602;19.362022611149257;70.3457870400781;84.19132721151568;16.831645359941312;82.03402900065429;66.6367666981178;15.01451832235499;78.14193147640026;15.345601151474588;8.770640039599789;6.656946119473731;0.9908004773366242;-0.1876505532102409;0.3820101769124027;0.03641880935274516;-0.04772881250037764;0.387257372915623;-0.0037201645224358318;0.03563885717534119;0.366726479335894;-0.005800415019318996;0.010055993400514846;0.2713570231587491;-0.005533716130523733;-0.08061600755420141;1.0682498316164317;-0.09411756858883104;0.12511378835940146;0.49577263250955644;-0.018128094644611785;0.02421853466561464;-0.017964675022837828;0.023253268674891442;-0.006808781084661892;-0.14895409323371234;0.026655044533690084;0.09379609041045577;0.9889049054779342;-0.11519280075330854;0.08202157244591471;0.33122987201498705;0.005605264304592507;-0.03163971425566106;-0.14161494008509204;0.0414812547519717;-0.0394832829747907;-0.1607650472527341;0.018741042794099987;0.24987269713476587;0.8410060914457343;-0.12391771980682133;0.05412644971299895;0.32114929906798556;0.012431908578622764;-0.037273384692537055;-0.12344686225205083;0.0591423948539142;-0.03219320669987887;-0.15031458380111615;0.02633728463237011;0.38758731539155433;0.6542731866725121;-0.12630380990905615;0.07585258924330214;0.3581256423902081;0.01242874243217946;-0.053040387854210135;-0.07952972273303512;0.05650341692019018;-0.05269989628632071;-0.1373955195481143;0.039801124034737366;19.872120007034944;12.58080655987708;3.438035992553087;18.682639833284167;108.86008527675757;57.12535860362339;11.352930075999097;163.05561708498925;9.567608458570357;12.370582501200817;152.27178663439713;15.57601509024071;21.81273030091289;141.43478109366185;19.356294674531565;23.963926708620132;9.813611975603692;11.129195168309455;13.999527665977563
0.9903856647088016;0.2652699905391755;-0.1532674376912407;-0.21962924342505535;0.2565695992614123;0.20540101602139296;-0.09183927145145551;0.20390975432425337;0.33350301392572856;-0.02232968108355983;0.17105456177984005;0.21872381850873854;-0.003069431992345047;0.3162890026027915;0.6887055828079395;-0.41133096887745785;0.36042768167912426;0.3631586058780243;-0.028500575965049155;0.18603339298382446;0.03936895964963124;0.04681983591160573;0.14288494935559162;-0.008821309593151647;0.03856828162379753;0.23653286442257523;0.9301313744854838;-0.2809053759645701;0.4077552372784028;0.13636121572658608;-0.03203547140945902;0.10717748733984894;-0.2557943881870694;0.06331848455388392;0.011277691399133436;-0.18910677406536616;0.04122441132307617;0.21533228325277765;1.0401722869293346;-0.14535175299024933;0.37536377336971016;0.04583575918580462;-0.035832309714536124;0.06892581684279299;-0.2668946372399485;0.041411489186039215;-0.007675768289688664;-0.20132603786009562;0.025325201058267938;0.22593050654704727;1.0773735765060035;-0.02121036528186971;0.2543416710180472;-0.020345281561643783;-0.0499827631034261;0.07297595129185151;-0.20596201223014401;-0.008904119496929376;0.014146826015632344;-0.16696717005321166;-0.00154864580960537;63.821982837259974;23.132886908258175;7.089006709157605;31.730957927019535;37.125229932662165;15.039986802808246;57.40116640693642;86.8248993960522;18.86239844930251;70.83204872998108;83.407879610908;16.56340222423621;82.6536291926811;65.92369838962172;14.772479562900706;77.80075947587822;15.49657248932853;8.885144824294256;6.689559370520734;0.9909813909327124;-0.19413740021398493;0.3951663056596556;0.03312342115444874;-0.05168455510144979;0.41424131657210456;-0.007456763043655142;0.02746428937945695;0.38039857537536126;-0.009650873999085537;0.00011292081973554391;0.2771405756732528;-0.010242357920488018;-0.08376254461601805;1.0761193180589221;-0.1071518416584468;0.13443194950577766;0.5327158550400369;-0.0267793401481378;0.02493470527148565;-0.016501268825236677;0.017407924830212883;-0.006086619507299911;-0.15619095021580534;0.023583777112209017;0.09654989981782104;0.9868259083762749;-0.129818116619017;0.09275459504199716;0.38683533697920425;-0.0021113716656591228;-0.033739120149814186;-0.13784881656858192;0.0383001693869197;-0.04030633793837799;-0.1687901700372447;0.01735863380973386;0.25881173275660596;0.8347249291715059;-0.14011193924301502;0.06347126535634122;0.3654442220901211;0.007210759631732337;-0.04103482486821651;-0.12348840065162149;0.05940578573128984;-0.03354763441872158;-0.16096090647234648;0.027120128064325125;0.4015126543721208;0.6459535418536384;-0.14437475359359606;0.08514691302793598;0.3799133841811772;0.008641575263432455;-0.056193416238130886;-0.07333470932818113;0.05627536996794772;-0.05511364223225243;-0.13981158229159393;0.03954836703732559;19.768140207183592;11.246938066372236;4.158005162616422;18.782594702828963;108.07453809649225;58.76477381712558;10.638066722997605;165.19875709898324;9.396055674155075;12.587626302526838;153.04818276649766;16.426308596795614;22.592275884934033;139.76149382983468;22.10056746190939;23.867042792639086;10.131696898551603;11.63365581130833;14.509967603808454
0.9904853123378468;0.25921529813557687;-0.1493963560309199;-0.22078136619628944;0.250561482451232;0.1999891841389615;-0.09385272222293198;0.2021339699255479;0.33117963793944544;-0.02297975881805314;0.17233703591899693;0.21112963262338824;-0.0035945679185242574;0.3053148880907148;0.6861930462901761;-0.42149394905713666;0.3580108230636711;0.34833449957452556;-0.0265709498874802;0.18308266061458692;0.03666923643795362;0.050023647543088;0.1424557365734563;-0.01040144524813331;0.040397385893369005;0.22760566388388176;0.9293965132594134;-0.2905473849636621;0.40612133333131495;0.13052489322536315;-0.02815245488656745;0.10821907541320597;-0.25203603361849;0.0669397938157011;0.015155975839061553;-0.18495168474127535;0.042406209154286896;0.20738526767025195;1.0424974685906359;-0.15378756502494736;0.37388431328779864;0.03910978213858034;-0.03117849443856015;0.07012796144540563;-0.2620242090068992;0.04364935901905924;-0.004197256971116674;-0.1968821303416819;0.024928837884966956;0.21876075989074478;1.0806268445070897;-0.028666504176168204;0.252244903650982;-0.025050983205640687;-0.04751775733284918;0.07334461613122176;-0.20358424954324328;-0.008110549463635063;0.016088365603976494;-0.16668569469339536;-0.001979992526873384;63.30817636007392;23.532115471389066;8.251659220330408;33.43054803320904;37.22891953831246;14.96333593396698;58.7273691665007;85.64358248475101;18.071157788893395;72.30993544539962;81.89504213344738;16.153384374382387;84.05262409198984;64.56438261192632;14.369869568421917;77.43138999542637;15.553879886701278;8.997230651176523;6.7459926313576055;0.991320681939584;-0.20412064517638592;0.41693327487095694;0.028607127734997306;-0.05806898434948098;0.4541459812084318;-0.012822785968188396;0.014204854324089156;0.40209796510312384;-0.015186619707458257;-0.012476325446604184;0.2870067581516837;-0.017024004042478676;-0.09036916790954852;1.0872955723218014;-0.12585113294069009;0.1501709666624769;0.5878575661311919;-0.04002921031826173;0.026238238164385953;-0.013310325293395136;0.008227171299177735;-0.004643743956986492;-0.1655576088837059;0.01892848387462104;0.09834660903550803;0.9836286752443654;-0.15100521093072128;0.10932378607472286;0.4698460876845745;-0.013274900336648488;-0.03642384831422182;-0.13220313116198473;0.03350798811215927;-0.04129898737027238;-0.1806981553674704;0.015262239224908866;0.2698714472899227;0.8262617967440101;-0.16380583208825714;0.07655950899473574;0.43377104151338236;-0.0008038241126761889;-0.046566398501031066;-0.12469079297041191;0.05956914477589628;-0.035343911538509645;-0.17695505744717446;0.028225017885658062;0.4198333748369889;0.6360786152248115;-0.17096794428683784;0.09893770428024222;0.41532699949615404;0.002400764241359453;-0.060620818138864815;-0.0655572880777145;0.05584411079751317;-0.05835849450266574;-0.14452471500018035;0.03923896303253594;19.47764470875449;9.32137759350164;4.671725216301257;19.20661652328963;103.11078724596484;63.937148667190975;10.228540780918213;167.63293794912917;9.362623831025942;13.27307989054997;153.93658784023344;17.567240574066822;23.722856663725548;137.38668163429335;26.077605640575307;23.574780804507927;10.578842539295962;12.361514338829041;15.147949935623869
0.9905849592015964;0.25319132088319984;-0.1455476889985817;-0.2218817242088698;0.24458497673348378;0.19461019608678237;-0.09582534847864393;0.2003457545982066;0.3288286558005902;-0.023617900478690546;0.1735743711797723;0.20359335164776415;-0.004112606598822866;0.29442441300689975;0.6835948850866709;-0.4314597455060304;0.3555629514319402;0.33363427167738396;-0.02466064005580738;0.1801372483858361;0.03399662443475732;0.053179383353036735;0.14200760661670334;-0.011960295756566795;0.04219703038228907;0.21875003175001118;0.9285127242408433;-0.30002090682520205;0.40443856666845096;0.12473846703728891;-0.024312612769422367;0.10922940040927366;-0.24828125183561206;0.07050499472187093;0.018983781565197918;-0.1808164732552694;0.04356620080440634;0.19950115149377762;1.0446166987653336;-0.16209303828204563;0.3723595634318686;0.032460231097129484;-0.026576859531513612;0.07130333565233396;-0.25716939111689247;0.04585216740138922;-0.0007609964311434615;-0.1924596396940913;0.02453313224761613;0.21164237839423986;1.083656215615796;-0.03602567609994437;0.25013115069942726;-0.029694304183638102;-0.04507511936194531;0.07369625832778212;-0.20120124461957192;-0.007325402245245809;0.018003189397091755;-0.16637935812766122;-0.002405674912328905;62.770392095164624;23.95215374152414;9.461808686254129;35.15579751908722;37.34672459388823;14.875712484235017;60.05948403468514;84.4493409687668;17.25456086248905;73.79433342305863;80.36407300173906;15.745157344237017;85.45840333514747;63.19728652667275;13.98287847923386;77.03688643073849;15.61144145032218;9.108834555813115;6.801417678738928;0.9916599703406944;-0.21498113121317475;0.44062792829656183;0.023629503233061247;-0.0650530555605571;0.49774997679747573;-0.018711982435210533;-0.0003718059630049012;0.42572627290220927;-0.02126104253890567;-0.026302377614814246;0.29769443229636156;-0.02446640705885728;-0.09758016019269679;1.0989960780108439;-0.146330286980674;0.16738449122771615;0.6481323098258085;-0.05456644854204686;0.027656535054708574;-0.009797112101263059;-0.0018647637732048079;-0.0030558780106793378;-0.17576116569395778;0.013803290083879016;0.10026835263142443;0.9795912698307325;-0.1742044819515086;0.12747125775525275;0.5608054466827244;-0.025533989106379933;-0.03935433302630668;-0.12592933555122238;0.028224613261407676;-0.042367665456487805;-0.19368597765580095;0.012950644503236427;0.28187967520155444;0.8165222649926164;-0.18975267749324853;0.09089968213466067;0.5086153490122294;-0.009609590744691365;-0.052619508463988614;-0.12594547396215397;0.059716882418825314;-0.03729876739931721;-0.19443463701920188;0.029423992294402488;0.4397398427515533;0.6248892319964696;-0.2000966370015027;0.11403788670007903;0.4540170532594167;-0.0044577400893579654;-0.0654532033370691;-0.056976731375142114;0.055340484803709636;-0.06189273408003382;-0.14962632345754637;0.03887808029023996;19.190223601606455;7.424313293524894;5.310175945630145;19.65472874919141;94.70258683513471;71.88670171758045;10.193751163202295;169.45557622715037;9.703445596841739;14.363461379571966;154.36836071752487;18.92828856660646;25.137878267401746;134.18054919722647;30.760436045559608;23.294476741690225;11.069471961894516;13.160176239039728;15.804086561437945
0.9911288132482428;0.24916048268531893;-0.1480888713410575;-0.2256519472283837;0.24347785438633;0.18860710516128498;-0.09909116397350672;0.2020556611887055;0.32575128793365987;-0.026910975167182865;0.17400480615314318;0.20750448858981302;-0.007158844815935854;0.28539642663284526;0.6850744720223712;-0.43348369655721575;0.3581005669528593;0.32693931474901855;-0.030171533198020985;0.18172603817439623;0.026772049200297233;0.04981884302110815;0.14009689288572572;-0.019119798582009368;0.040744896988672376;0.21104497148368695;0.9297224135934048;-0.30178842534713585;0.40706838518147603;0.11727888004417762;-0.030807223491822747;0.10334318873617993;-0.2589581239696627;0.06836216011850187;0.010056855253594633;-0.18234480578998585;0.04352228465710808;0.19356217291596614;1.0441205064045742;-0.16432263425388144;0.37559725402112754;0.029196997062369456;-0.03421187963087269;0.06711951351254868;-0.2652918264283126;0.04476734589607318;-0.008376936678070388;-0.19415393149439464;0.025789699633404297;0.20678579087096066;1.0817041196322992;-0.03865871424352248;0.25300158771362674;-0.030866532377250278;-0.05142570406889167;0.07175563690224457;-0.20685728195356273;-0.00831768970979613;0.013490758250658343;-0.1673796915696033;-0.0015358273238798921;62.38081122428012;24.30874102690696;8.536072602394913;35.661482629445;38.5383661802418;15.577260708925051;61.25825360434369;85.48842749538281;18.077365776784138;74.47351642167784;81.26329156265219;16.577443308773418;85.81363890836538;64.00827811971078;14.611897533774915;77.65934832096009;15.557067403704108;9.04638600490553;6.793357485988464;0.991872561322925;-0.25859428183857036;0.44355497325046034;0.009510297549678026;-0.09679524293018651;0.5420497743166833;-0.04243532608840711;-0.02037886307837637;0.470250781312139;-0.042136621918572266;-0.036084546525689445;0.33960245831533103;-0.04254474747340186;-0.16878175430590409;1.096770012172775;-0.2213013050233374;0.15223041049238822;0.787008760210053;-0.08707531980713741;0.019507074103798414;-0.0668837924649773;-0.010396546651887039;-0.004160762482075972;-0.23186480840823862;0.013315757483121556;0.05962532372518887;0.9656452639103708;-0.2529309096534796;0.11668931293690958;0.7194788588910903;-0.052415309037368296;-0.03993134505202278;-0.16774103173969387;0.035412195740580604;-0.040315784280216434;-0.2481607380656624;0.01894048593086416;0.27134128856046474;0.8114653696384906;-0.27170364143645886;0.07821008021578638;0.647403607568312;-0.024663846707516847;-0.050972138455050546;-0.16964185993473146;0.08016430342798589;-0.034859466084399285;-0.2413464705058878;0.04301127271038042;0.4561678107713742;0.6371557774686689;-0.2861511845299782;0.10008571043507525;0.5534733958078052;-0.005039252450483465;-0.06511375362580638;-0.09497647506886189;0.07242268983749658;-0.058244277509596286;-0.19696728771300046;0.04788443450993126;20.8317485813868;7.649734541315306;4.079155376336443;20.110236412418978;149.15269993384265;20.87592839531508;11.930785179681092;171.44199206611205;8.379910301810172;19.19551388055261;155.86669487009388;16.47413236593896;31.579078553973524;140.98219526083537;25.163728017400924;24.672253821095047;12.431904878221767;14.664667205662049;16.370152596202427
0.9918056484069734;0.24567579682165688;-0.1525715032511049;-0.2302608909175332;0.24381265921959439;0.18234430785770933;-0.1027799043842104;0.2048295133261162;0.322414123646079;-0.031037019531123266;0.17419461509834971;0.2148876146901566;-0.010997654293497102;0.27681751957503403;0.6877789639974297;-0.4331409192585216;0.36215418227040097;0.322560684070107;-0.037969489421716913;0.18468840528301006;0.018099737070749886;0.0444654198266909;0.13772293791981635;-0.0280396974590235;0.03830050445551843;0.20359226972872052;0.9315539430561367;-0.30125975317534853;0.41101250957512797;0.10922995218289788;-0.040473447534746056;0.09532009365943954;-0.27407786651510496;0.06448226650532232;-0.0027958939123154205;-0.18558455774293303;0.04311605125539319;0.18813430632846015;1.042812637095383;-0.16475288414867884;0.38029171857519445;0.026910958964938052;-0.045601711869095035;0.061279891340768215;-0.27739179713502055;0.042683633556643286;-0.01939294681742528;-0.19769716081324454;0.027555401106925045;0.20254733993259552;1.078213630085615;-0.03990428090263584;0.25739365302176803;-0.03101097555201871;-0.06048380173644067;0.06910415439159576;-0.21498353623293245;-0.009853976814537634;0.006999722285448214;-0.16877964723538402;-0.0002676350585227089;62.012682989617524;24.65592465744625;7.001801247386752;35.854505299616285;40.07255728762373;16.66024752460291;62.44461785343953;87.00708158123858;19.54444976488202;74.92031199589802;82.76403882804328;17.88435276426931;85.85750697041574;65.3992170276812;15.62612735663889;78.58751735287146;15.467939595453982;8.93269927234948;6.766863329854032;0.992047223238924;-0.32580697197138964;0.43091138799724166;-0.013227316804138254;-0.14767950804797111;0.5915822890877253;-0.08069306095971508;-0.048797896876271;0.5299559554011285;-0.07533777233470627;-0.0466648741043383;0.4025123457910519;-0.07025963835170033;-0.2873695194960747;1.0690050455063083;-0.3399053441117078;0.11573510526413033;0.9906697324636564;-0.1362373495232055;0.004306442642077436;-0.16711583976326286;-0.02082828417348847;-0.00670151845065873;-0.32167182608644973;0.014425995849705334;-0.013331975796670743;0.9263621750510337;-0.3763978999092249;0.08805541088907039;0.9458132892490949;-0.09330193552715478;-0.03900054143670345;-0.24069372323637747;0.0496385187993105;-0.03557519366322341;-0.333646578749464;0.0300833862600781;0.24309940437221617;0.7928258877197139;-0.39931416281750304;0.04852893945554522;0.8470795490692478;-0.04681214714857443;-0.044623923379191695;-0.2426390709738115;0.11449734203842081;-0.029155834460989336;-0.3117959813323812;0.06553110488689319;0.4685490765049385;0.6524440974231063;-0.41933187088484125;0.06749418041212346;0.7014140795275406;-0.003036306084995433;-0.061332807265808545;-0.16349803242813296;0.10127967386922232;-0.04934727708739158;-0.2742255857086882;0.06297280512940233;23.798218162344035;8.689961181586042;2.2249955035938265;23.118320930654203;163.05033458634196;10.029651904457902;17.53754264305063;172.96296706207482;7.089105976451403;26.146760448056305;157.19946500985796;13.932070789151524;39.803577792030104;146.87235170485732;19.84797396156451;26.750941011914804;14.306408646467498;16.714839488917427;16.745427174602
0.992482483565704;0.24214054670249494;-0.15709102074834433;-0.23490334940320629;0.24413625263399216;0.1760062101027527;-0.10650036612864439;0.20761955502191876;0.31902329936962476;-0.03520358918700137;0.17437590643564405;0.22233368093159647;-0.01487524225718294;0.2681338396299068;0.690469911608983;-0.4327685920778856;0.36622768131179706;0.31811768472499924;-0.04584527902671473;0.1876701090411301;0.009337239254299535;0.03905432435219432;0.13531631726884427;-0.03704955308824631;0.035828697050208184;0.19605076579232852;0.9333483105793529;-0.3007075462486925;0.4149724568119514;0.10109176700841166;-0.05023654879617627;0.08720884254079837;-0.28933647719234773;0.06055863658566452;-0.015780522294062592;-0.18884644230441075;0.04270305334906712;0.18263936931139038;1.04142866639159;-0.16517765406106708;0.38501156092439476;0.02459981732404244;-0.05710582125223325;0.0553765913404957;-0.2895994121482262;0.04057594852918861;-0.030520968442434404;-0.20126491275305208;0.029337587278772212;0.19825317233763698;1.0746224879186703;-0.041160246405605685;0.2618153744924528;-0.03115503920751204;-0.06963132636369332;0.0664212783489649;-0.22318035967727354;-0.011405455359960116;0.00044157775944940594;-0.17018384355544544;0.0010136025075384275;61.61325305575471;25.018436214306888;5.525523576702038;36.112616787869506;41.61829034903678;17.87502547888851;63.659568905367564;88.31495425780398;21.116168661222854;75.37633638350307;84.1258627036509;19.259739376269362;85.90563967247876;66.7095627741631;16.717681236016574;79.51094150288657;15.377492925774767;8.81997203291891;6.740818612929678;0.9922218851549228;-0.40824176934406864;0.396875950318538;-0.044765602104320124;-0.21381376367728624;0.639101715977247;-0.1315587754535396;-0.08700201229810159;0.5941280360077174;-0.11928059493580627;-0.05981539857324637;0.4759972021817998;-0.1066637441469091;-0.44363628744131967;0.989643903842664;-0.494217382542776;0.05995822791554629;1.2403255583680892;-0.2003757862250209;-0.017272634013720162;-0.3020471061494341;-0.03474204496736397;-0.010029050489679997;-0.4360966170500873;0.015447216559628581;-0.11562346310548582;0.8361421968624363;-0.5361878788312482;0.044396850225450965;1.2291035125068261;-0.14739698446562646;-0.03622094708550881;-0.334419912095258;0.06781413716340332;-0.027556734884306967;-0.4415322597661057;0.044650742462869555;0.19415670185669182;0.7367186075684891;-0.5640795196850009;0.0048828039313421005;1.0965259657395845;-0.07625584984181293;-0.03399976799857827;-0.33635475507196694;0.15856081823305607;-0.020022147191874434;-0.3993187344747797;0.09479362160653076;0.4683556274115794;0.6494240046670757;-0.5911917779674204;0.019033517632898102;0.8834514160148768;-9.995145107669645e-05;-0.05369682184142605;-0.253886919276568;0.13812521619590848;-0.034954198752638485;-0.37275589534046843;0.08186105150718764;27.82183362717553;9.976582686093813;1.731064940342068;29.875350797231295;164.27472582917065;8.79824942368864;27.212228625563863;173.89150394414642;6.197367847346369;35.167761783118436;158.1958821641457;12.102110158166752;48.505798288992324;150.1608396021542;16.854533521434888;28.883754608008847;16.326304672393327;19.05803508125014;16.879808135704764
0.993208341074344;0.2457771395356277;-0.1578366171200132;-0.23937326623973304;0.24827471571670906;0.16673099136850372;-0.11206186316415272;0.21190146936430676;0.31250593913376906;-0.03868361979059394;0.17741631550911272;0.23024673827580194;-0.01760193059731312;0.27819513642838645;0.6756831454653619;-0.45361384674604754;0.37065817081993385;0.31495086716561704;-0.04316794800537015;0.18078235891386688;-0.014791600047730507;0.04622436751021466;0.11818746946338947;-0.06366562854993764;0.04079180317997353;0.20444862900578106;0.9252761131815458;-0.3194759341066365;0.42051814325885384;0.12045058697986472;-0.04623900555097889;0.09380046399700931;-0.2816945097231968;0.06625833673881473;-0.01352639092787602;-0.19100156086671682;0.045175077175367034;0.18832898051955177;1.041027135346739;-0.18030906967703073;0.3912001571133835;0.0456337953438654;-0.050287835288225245;0.05624508132485215;-0.2854516641952036;0.04673150155638135;-0.031651877263018345;-0.20014249601093254;0.030556369434453057;0.20217119608566314;1.0772022873758973;-0.053085102028687575;0.26779523172091024;-0.021615425081920478;-0.06693308753815155;0.06639706202605551;-0.22063789974857798;-0.008431561499310243;-0.002487709502256133;-0.16782631869838993;0.001975577002599604;59.32642186900876;25.892105484017307;4.205425690237514;36.97805312281896;48.67659377163385;22.896970027691786;61.15692814064391;88.9505296049897;21.902135392276048;72.20156585264446;86.75301941803059;19.898759435460924;83.49689089162625;68.77237768442023;17.81111969170981;77.49824556760412;15.940769473837959;9.210001029396013;6.909479851198246;0.9926683940461338;-0.4253369607076165;0.3471026654948034;-0.04785810936218619;-0.24673758943746443;0.6152599515074537;-0.1334125040257043;-0.10976119013987036;0.5984616749564344;-0.11908371766060706;-0.05551899567379429;0.4888665081337689;-0.10598145402978072;-0.49669126962487553;0.9280337023017952;-0.5071098958173136;0.006783869974993842;1.2447791345889139;-0.20112182927483666;-0.013339609289964244;-0.31922783183621023;-0.03337131469465813;0.004267527772867114;-0.44325709406686997;0.017475309497194714;-0.16654559203130018;0.8201528728720285;-0.547368094516571;-0.011901121425642215;1.2405622971502048;-0.14765575623378405;-0.028449972826657673;-0.344710451679794;0.069462696555763;-0.00970213701855304;-0.4455240498699602;0.046794146187739576;0.14346615465636162;0.7656293884561416;-0.5726750993926367;-0.04442276241642792;1.1051412838087917;-0.0751606454390461;-0.02725507727984632;-0.3438309370489354;0.15996974013858137;-0.005288008807861543;-0.40277050066538483;0.09656427840431143;0.4182477779029972;0.7194408764547172;-0.5973444379586853;-0.02653250705806173;0.8945044550246674;-0.0004263851210180975;-0.05083985920023621;-0.25678833318359007;0.13803921325786528;-0.02153891454484344;-0.3752222114798455;0.08254329516382397;29.32081943156362;11.243541804632025;3.9833181432162967;31.67367800680814;164.7179727132896;8.730373980237642;28.27985454565185;173.0781500468116;6.364136487265416;34.54673904493773;158.0001081405353;11.944413230254156;46.355282862030265;149.59334613483088;17.100687603442683;29.990766678543906;16.298114607205843;18.3778781735636;15.810223155798289
0.9939446785646244;0.250940718095204;-0.15765255893622143;-0.24376995787232772;0.2532085618099985;0.1563931348461192;-0.11812394177461474;0.21649388292263563;0.30486373411163253;-0.042091510100015016;0.18105723045875488;0.2383425375511007;-0.020145230381987865;0.292529917606446;0.6560627333801028;-0.4794900662249041;0.37503623487647464;0.3117394911565537;-0.03803239656337877;0.17135680793309044;-0.043073855033165825;0.05637792147582225;0.09716961701024814;-0.09497443994803681;0.04753085341338303;0.2164988131696736;0.9140879603126221;-0.342886956164321;0.4262827192332621;0.14643090271143783;-0.03902761774949111;0.10379407799734515;-0.2685241816763635;0.07422434800993821;-0.007808342339652899;-0.192839067550564;0.04833189560432067;0.19654241285963683;1.0400735317946812;-0.19904651433482703;0.3976230428297332;0.07247399526478623;-0.03915226663211131;0.05860340007662101;-0.27733511350274154;0.05487977322282259;-0.030575104273628927;-0.1977979553263391;0.031665791811751276;0.2078877284081064;1.0804487286522608;-0.0677120494165635;0.27411254044428807;-0.00961246001808715;-0.06147164362321271;0.06691412791303933;-0.2154709134200148;-0.0043539681781422;-0.004700685001940928;-0.16443786081438844;0.0028952024969827158;56.576438418588594;26.876181263941636;3.1596030504275987;38.097628697237106;57.53892486723196;28.683024300053663;58.03323123451077;89.13583589546525;22.723215797842595;68.35445393052649;89.48499251590349;20.49568017448652;80.57111956160769;70.97150939397348;19.006356858300645;74.80530070735476;16.650857393181898;9.736372869235606;7.1309184849975376;0.9931730182931864;-0.4266982561683979;0.29703567991243146;-0.0435636912556709;-0.2708254254530334;0.5767716170458846;-0.12294750265585663;-0.12807829960604497;0.5899423889325713;-0.10786402780504034;-0.04708348644985409;0.48775445598268496;-0.09608994866393783;-0.5229057980616867;0.8784882817285089;-0.48478439167333814;-0.04347784505810115;1.1908135083735891;-0.18615179418090888;-0.002903411670998129;-0.30628202244026737;-0.028196282489842704;0.022649961057284597;-0.4241189562174582;0.019776823854423167;-0.2026784144448815;0.8286961368880948;-0.5217127303649555;-0.06927887034836112;1.1862616882405272;-0.1344622638039446;-0.019829853862029054;-0.3343497378910806;0.06704284618833577;0.00996299727277509;-0.42424930211815387;0.045813656224855615;0.09515053081371272;0.8197866042555122;-0.5426778600345711;-0.09342317584553674;1.0555914604895373;-0.06644088071960004;-0.021954487995787822;-0.3300270307376387;0.15089504413368518;0.010290073812744946;-0.3859878549596862;0.09150835258474463;0.35920911306970005;0.8096072875121311;-0.5626158613403687;-0.06959595563925668;0.8646315106476316;-0.0016029178105084392;-0.04962736293370343;-0.2378145870312502;0.1289275429695623;-0.009046681099350414;-0.3541850499649402;0.07882195433822536;30.32774506655317;12.71006262220689;6.689671452980079;31.853365824499384;165.61966893335372;8.703334809209238;26.818155457471995;171.7588111107113;6.966062521481556;31.67662556121806;157.38953043818734;12.270359022493464;42.04624851547279;148.02603060564903;18.18073492656374;31.152393819836472;16.132402049423852;17.27095702411285;14.545382478893337
0.9946810160549046;0.256067297536928;-0.1573262852603297;-0.24810921359452717;0.258095482013325;0.14556175968157564;-0.12429463389850909;0.2210591531919305;0.2966936463092578;-0.0455814069395176;0.18466851123664665;0.24651395475360707;-0.022759439147586255;0.30711015509366646;0.6351961537166304;-0.5058512102714021;0.37924312227627277;0.30814808066957106;-0.032685848141459646;0.16145650777328752;-0.07230053662148084;0.06683528200731989;0.07533862080967513;-0.12728799911771657;0.054462831954844845;0.2287806722052559;0.9017239767635212;-0.3668150402520211;0.43188008541934503;0.17318670740318057;-0.03153233348716231;0.11404509579182277;-0.2546654258278613;0.08240287120164042;-0.0018851211222116401;-0.1945742018582485;0.051556630607222806;0.2048715590651349;1.0381907436443316;-0.21826275193904748;0.4039262575799834;0.10018324507769841;-0.027596505173279332;0.06099307386305701;-0.26869793549659343;0.06326354875434086;-0.029434619404746825;-0.19520163164443322;0.03278643466342381;0.21362354480687556;1.0828769623473327;-0.08278828770214496;0.2804129263255493;0.002815350467926382;-0.05576769820186739;0.0673914878131881;-0.2099389645552692;-0.00013111049709052432;-0.0069864120185208515;-0.1607901325700206;0.003844249251560585;53.761347092135956;27.855562880692357;2.8011290595768767;39.358388574286884;66.60981640383086;32.971279007258744;55.14451013781111;88.92287038835191;23.80466236746879;64.6721981067601;91.95779615931383;21.241023201538784;77.67200665887282;73.1121777073987;20.33138843043523;72.05984691321991;17.36309370646569;10.294146739743432;7.364653573682058;0.9936776425402388;-0.4271910364079171;0.24581097995123505;-0.03913253374428347;-0.2946138156407902;0.5366720484239611;-0.11211453198736644;-0.14632888471172836;0.580109539956127;-0.09629940917990298;-0.03845905259568921;0.4856206840131421;-0.08589228777874716;-0.5483221270504812;0.8265871819687698;-0.46121331207806426;-0.09419451523613402;1.1337977573867988;-0.170634110335858;0.007651949011729923;-0.29256183942196995;-0.022906773828813173;0.041184817247396775;-0.40389538026555083;0.022062353577818893;-0.2387834528496879;0.835616610578977;-0.49469924476360705;-0.12713532027104613;1.128916744927577;-0.12084738300129713;-0.011075224287972339;-0.32318457820441504;0.06445797876875935;0.029820724263535266;-0.4018656805664534;0.044727700157934466;0.04611408821659951;0.8728340352207767;-0.5112320247996647;-0.14276148099853797;1.0033193027343088;-0.05748903913548785;-0.01655098157458922;-0.31539029431990123;0.1414096009799385;0.026015758820705493;-0.3682242424549511;0.08620818431120034;0.2987867593579058;0.8990754095484306;-0.5263461179116128;-0.11298224815155242;0.8326448668366178;-0.0027888888071031003;-0.04829899061133873;-0.21814283935113313;0.11945019785947805;0.003599724379987427;-0.33218662520200126;0.07489710222620606;31.576559716216323;14.447916723709769;9.53305428248086;31.97428740825708;166.5968773558296;8.73006923982121;25.22924775360064;170.21441620351976;7.8734393278009325;29.04817344801892;156.53673758980622;12.838916725728154;38.13523454172608;146.00985000669345;19.682673722269048;32.63195980405929;16.32436787093725;16.427114738411046;13.392401551163085
0.9943503202466492;0.2661423990238788;-0.1628813355942313;-0.24164908145092728;0.2691747872940911;0.13051411423084897;-0.1258841989992491;0.22795124581622894;0.2900261718872656;-0.04863472230661073;0.18058858686424845;0.25849840534471824;-0.02555293450502593;0.3267671688766646;0.6111375072579323;-0.5125512725763625;0.3929049925758789;0.30964952900634446;-0.032921332464655395;0.15558377705804613;-0.08525712233019232;0.07149301896244611;0.06376091217942441;-0.14053533288353645;0.05780185643708293;0.2430455031974038;0.8930977340886146;-0.3785568923442063;0.4465226088153914;0.17721830822526594;-0.03421542422809356;0.11186738737447131;-0.2534573728715243;0.08301511039618786;-0.004846430164813849;-0.19755611555110206;0.05171074105615969;0.21233679324607493;1.047453920864115;-0.2333588540652895;0.41732157771480083;0.10408341605752369;-0.027908130301290534;0.05986284339575105;-0.26714208773539044;0.06613865212786355;-0.0322212407753815;-0.19603546958672327;0.034108028930104825;0.21486281831899667;1.1063065792842748;-0.10039697944029347;0.29627911285812725;0.006424950227661853;-0.05636327396237428;0.06561640541356063;-0.21065415114937877;0.002290860974068963;-0.011725119117458079;-0.15842427456456015;0.005533367743780499;50.88971941024402;29.278029066844354;4.310666992863818;39.27949372097527;70.2677705036069;34.31640751468844;54.489489824382474;89.0976503739491;24.350207194262435;64.3433814913532;92.20419425375634;21.841236359134953;77.06071133827722;74.34763379487329;21.57339451495196;70.90570892784147;18.111056003768912;10.555972481299362;7.2410180597412825;0.9941822667872912;-0.42678910031690587;0.19372684249996833;-0.03458946850484544;-0.3179420397930873;0.49517604379972463;-0.1009734054045322;-0.16439396902125047;0.5689914375587967;-0.08445498520291168;-0.029696072399912714;0.4824517962358973;-0.0754458440999473;-0.572755852339042;0.7726012494621907;-0.4365150018094043;-0.14505248660340167;1.074017156924934;-0.15465391229665953;0.018261843009085347;-0.2781348595307373;-0.017533723531878643;0.0597571015200828;-0.3826874595368664;0.024316796183578952;-0.27462809049479;0.8408268056122232;-0.4664651057422517;-0.1851115927802291;1.0688150102841112;-0.10688737678356897;-0.002238741822517114;-0.3112653424412078;0.06172031839125297;0.04974861862273335;-0.3784875295436584;0.04354045503744419;-0.003347361921675526;0.9244015555991318;-0.47850112817210366;-0.19212977132339046;0.9485883149757454;-0.04835645714826423;-0.011076531568694094;-0.29999264050158897;0.13156343511548518;0.04179196506345892;-0.3495677286606451;0.08069133498110262;0.23733207067160922;0.9872521241773135;-0.4887272677366764;-0.15642130492954387;0.7986938902966298;-0.003976931709013642;-0.04686020005869756;-0.19788091570182212;0.10965834584495518;0.01632317125621499;-0.30934272283219433;0.07078854778369942;33.08161025096063;16.46562348181261;12.477067799510346;32.0164694081768;167.6395016403091;8.82541914696024;23.52541604117119;168.4373480764759;9.113832757014274;26.761417761552075;155.40545201301975;13.687046170822859;34.77532402529183;143.49963277344557;21.700748824857722;34.47090763490259;16.90478441887941;15.839770358050474;12.384704864147707
0.9937856444894118;0.2776499608719949;-0.16995498260905498;-0.23240734731086674;0.2820089111817;0.11394713424708272;-0.12643563593091064;0.23556721458605778;0.2834169044731723;-0.05167949851185537;0.1745434382486615;0.2717180884668774;-0.02847725434495441;0.3481983278060412;0.5853846859198378;-0.5147979568334353;0.4091397464099005;0.312316174831855;-0.03445413359306054;0.15041262174163755;-0.09485538417798312;0.07494585221646377;0.05415761549346606;-0.14977242992685902;0.06040682188863882;0.2582013320226086;0.8848484013697205;-0.38778264367452114;0.4636642057734454;0.17606889420310257;-0.03934632589159457;0.10670384759813144;-0.25509058777448407;0.08187214565554667;-0.009970978285509387;-0.20088500465309755;0.051145329880503944;0.21980766731021006;1.0593880010483967;-0.24795865900693553;0.43272644005187394;0.10256235435338668;-0.03098077830784218;0.057863307563786326;-0.26711896432737203;0.06781709489059766;-0.03600754214742043;-0.19765085282958578;0.035513600022125384;0.21505194976798872;1.1351643439436563;-0.11916954033529413;0.31484023990198257;0.008107332341135616;-0.05842984924847848;0.06324325813178286;-0.2127979533184809;0.0043762406978206355;-0.01719192360129601;-0.1562406488451042;0.007450521433000412;47.906605449421534;30.827665227516597;7.566641762251031;38.847155425784784;72.8631000684814;35.13791189692573;54.23709048054885;89.46492131611731;24.71027741874034;64.70226377267537;92.03527590874447;22.389356022753272;76.97135792188534;75.39791480034309;22.87235524800383;69.99426032413885;18.948362002382414;10.809138519308178;7.08715810112399;0.9946868910343436;-0.4254826663048112;0.1411038360625823;-0.029961947481021992;-0.3406548545696271;0.45252918208701215;-0.08959097898447473;-0.18215569168928095;0.556641307056319;-0.07240249200239189;-0.020848563935004606;0.4782537337221324;-0.06481385921025602;-0.5960374651251807;0.716846280695586;-0.410831542972386;-0.19572910651855682;1.0118151039869228;-0.13830681154128022;0.02885930489601243;-0.2630834097148164;-0.01211027239614904;0.07824879219784797;-0.36061697042242113;0.02652533362405231;-0.3099799543758206;0.8442698661505563;-0.4371736737216525;-0.24283930605526588;1.0063020421591844;-0.09266658264055502;0.006624323969662517;-0.2986576993487194;0.05884522973656915;0.0696204582470627;-0.35425033645551934;0.04225810071739103;-0.0529239954077195;0.9741396115351268;-0.4446763424463916;-0.24121336596869505;0.8917138879291088;-0.03909892955315488;-0.005565099813343178;-0.28392184473165455;0.12141441207610673;0.05751869760183697;-0.33012506744129405;0.07499002588798179;0.17522303738726547;1.073556819544253;-0.44998079680810815;-0.19963660298695682;0.7629681666706668;-0.005159492387613254;-0.045318650644943115;-0.17714999409302812;0.0996101435736036;0.029043514895927443;-0.2857874772975503;0.06651997892028695;34.83054348043381;18.765272835776493;15.50800295490497;31.95627008967614;168.72091800252124;9.003022487841395;21.744076642692143;166.42188101838428;10.703174858552579;24.946349169090492;153.9672365639247;14.841531249635459;32.10370768723464;140.45005266299356;24.347502035286794;36.682338286099274;17.879645335493077;15.480926406393662;11.529584935889119
0.9932209687321742;0.2895345830368113;-0.17726069849935172;-0.22267714253924728;0.29527483341561594;0.09662790253809661;-0.1269590201536799;0.2434116077330892;0.27641052092663243;-0.05483292158035525;0.16816959210537424;0.2853901911619453;-0.03151454839718168;0.3704005576029514;0.5582960753525272;-0.5169304825414215;0.425899345703843;0.31496910155417657;-0.0360381898556737;0.14495984102295742;-0.10482388691836694;0.07851523140670255;0.04412311365994592;-0.1593419926442922;0.06309813912590215;0.2738975759292479;0.8758868892019904;-0.3972433450973622;0.48134705355169183;0.17479873214024838;-0.0446797769409907;0.1012768260953234;-0.2566893864334701;0.08064710984834154;-0.015309780883039992;-0.20427381634893851;0.050534979701344455;0.22750720919585485;1.071398612684571;-0.2630793666680057;0.4486111764066698;0.10093467863749848;-0.03417169906430169;0.055754996391344215;-0.2669859564941321;0.06953939606776058;-0.03994047049552875;-0.1992544772362841;0.0369645739843004;0.21516146614490714;1.1647887417029434;-0.13869327937940135;0.3340637662358465;0.00985808322708324;-0.060560645433463185;0.06074322535939977;-0.21494633352689838;0.006548679064866571;-0.022884619756673066;-0.15390029849825776;0.009446313560946494;44.831964447523234;32.37992103784769;11.195794797488281;38.3757292634656;75.54455880491375;35.76532172016931;53.92524765202708;89.89259624941448;25.03115031918355;65.0379732977977;91.90401036001188;22.93696722523654;76.90708113170821;76.4546947416171;24.27848153211283;68.95289965261374;19.879792661337984;11.13227191845666;6.990174527579419;0.9951915152813962;-0.4232790592686336;0.0882751338353057;-0.02527922962303526;-0.36260755708024006;0.40900071572449703;-0.0780391860314592;-0.19950108209858047;0.5431361667624401;-0.0602181478775257;-0.011972550075130477;0.47305202821969405;-0.054063566191704784;-0.618018084996432;0.6596740056968006;-0.384324778743115;-0.24590278113025202;0.9475835242888719;-0.12169609491076529;0.03937711025278097;-0.2475022859481624;-0.006670763492702246;0.09654252568762677;-0.33782297213070267;0.02867391015389578;-0.3446143125005137;0.8459220785483351;-0.4070095977299092;-0.29995207541735397;0.9417717490096835;-0.07827491466953179;0.015457789996975616;-0.28544087787685735;0.055850801211804496;0.08931015242937095;-0.32930690592441153;0.04088866911825836;-0.10230150970578021;1.0217308110932077;-0.40997102921004297;-0.2897006645932982;0.8330544537545889;-0.029775036715571926;-5.160162413089695e-05;-0.2672791161791732;0.11102657728925967;0.07309616181394175;-0.31001873297263016;0.06914021993454685;0.11285287231341995;1.1574401456004826;-0.41035124519119803;-0.24235382461642452;0.7256923904581425;-0.006329064984244111;-0.04368401003191579;-0.1560810559841636;0.08936904644764918;0.04168007704969428;-0.2616695250606312;0.06211829778086683;36.77149239460188;21.338129539921816;18.616468111669654;31.76688521002875;169.78467040738082;9.272069245336086;19.965221921457058;164.16856150851615;12.649192441000764;23.7643784982669;152.20760064165592;16.316188997277226;30.235063283087708;136.8088581966337;27.76366588698185;39.231601976888804;19.232310987074094;15.30933672448756;10.815411745165086
0.9931690224402367;0.2993880453802007;-0.1873887598762303;-0.21739360286754306;0.30510927783004194;0.0820016348102152;-0.12852356360348885;0.2512320381815793;0.27286336242172166;-0.05747770559231342;0.1636874239614622;0.2985244830776705;-0.03403057332402658;0.3862808269729025;0.531926259111726;-0.5231770420701658;0.4408935441103413;0.3168488956362155;-0.036765061424551916;0.1418164910848131;-0.10940513611969487;0.08180448970055232;0.03609267784044756;-0.1625285630639926;0.06518147766338198;0.28438482425063516;0.8675524045268673;-0.40801727553571293;0.49636870183370463;0.17701368472938023;-0.04866314027381167;0.0952959222825956;-0.2574586531350306;0.08067877101758608;-0.02229287125107932;-0.20567043624833833;0.050495038301238415;0.23171320919679647;1.080628096950274;-0.27688808615826016;0.4636969674000115;0.0994286963091889;-0.03608534013970528;0.050780637358245895;-0.2690587882110046;0.07233535476757087;-0.04754739054026954;-0.19935762123393697;0.03869305418968985;0.21426089444026863;1.1880739738988115;-0.1547344569324672;0.34935554565450977;0.008406343363164462;-0.061520124353740754;0.05525354697986526;-0.21902514048091232;0.009054596433134478;-0.03199119072895501;-0.15205988307790586;0.011118680650284546;42.72360062704043;33.77218042980295;14.13033021309342;38.44451260127946;76.58859177228913;36.68686615621104;53.528812385660274;90.83161076262029;25.708769870777793;65.48066825145871;92.47459661230563;23.850625513872195;77.37955195013153;77.83415048431728;26.059350674222333;68.14614057237652;20.917536283552646;11.526062354065305;7.008507746568522;0.9943784737894564;-0.41735462002289664;0.06501356910664188;-0.02159914517624892;-0.3659972685894987;0.3903126575106336;-0.07152189240054924;-0.2066506955530815;0.535868528668362;-0.05404180278038915;-0.01080565472110111;0.46874155129481054;-0.04849210037697586;-0.6172005172275316;0.637235151073067;-0.36654650444823866;-0.26944779798989194;0.9061999857792946;-0.1131566462096127;0.04080673447758897;-0.23962492321356949;-0.004735558564097354;0.10189751576137146;-0.32230910073360824;0.029046154155568278;-0.3539579174948253;0.8512582126159296;-0.38739288596547444;-0.3284561732219314;0.8978637892246333;-0.07026596045891245;0.017284812593863528;-0.274337299900103;0.05302997732140952;0.099636239987749;-0.3123541212360941;0.03917837837947211;-0.12268483022853725;1.0465767706540414;-0.3883152999941676;-0.313192617238079;0.7920930768961424;-0.02260469548173072;-0.0015868589078465098;-0.25434891023963424;0.10473635550083091;0.07949751576705898;-0.2949434289635159;0.06481946145884188;0.08047188135621676;1.1958929769446858;-0.3866459155077616;-0.2598308203968131;0.6925440734266737;-0.004822262986748614;-0.04685660840962077;-0.14167233776483623;0.08252158175922113;0.04356214239006718;-0.2414688323915875;0.0581376470201694;38.09900420498468;22.039187927697345;19.678302551369296;30.776284359509024;169.49242389283057;9.914353237716952;18.74363826265624;162.3391523832917;14.50720367134096;23.69872714917088;150.1761113795409;18.0259772383361;29.70526111857981;133.19646719674785;30.71550999771541;40.881920825388605;19.838108458457675;14.997342749756733;10.22965855211626
0.9936001399125431;0.3072219128908231;-0.20032719754314413;-0.21659765108173776;0.31152673402132586;0.07012420145309121;-0.13114024723281642;0.25903721071618374;0.2728196953290522;-0.05961374660899993;0.16113157552390456;0.3111193085243519;-0.036022439334319964;0.3958490232075426;0.5064350320169994;-0.5335829246723132;0.45413595325143447;0.3179941361411422;-0.03663867197368861;0.14100913617645522;-0.1086069789532791;0.08481439871649071;0.030094974445252286;-0.15935341470623313;0.06665980628924395;0.28967517406029475;0.8599912707956457;-0.4201229673422155;0.508751643902881;0.18272564002509545;-0.05129189895405275;0.08879494602639065;-0.2574325505314015;0.08197628465488159;-0.030897707123143558;-0.20510152694557518;0.05103175420027662;0.23244881603244633;1.0871988873435623;-0.28937908656088385;0.477998833231941;0.09806293186515422;-0.03672221375717136;0.04296798559699542;-0.2733644005947294;0.0762040709720492;-0.05880416573566246;-0.19798964322062237;0.040698225464171296;0.21238425336629016;1.2051158917437141;-0.167266306438491;0.3607187910146123;0.0037628312650068514;-0.061315314784796;0.04680448829479009;-0.2250481672332737;0.011886428586924108;-0.04448076247507091;-0.15074573210795553;0.012464082461725437;41.53520161518351;35.047039461049046;16.300915309458773;39.06906104268269;76.05810441382098;38.09908438841621;53.09517212121439;92.25263355102469;26.760133159116112;66.03321503257459;93.70127714100951;25.138262483678748;78.3314885079309;79.52814551497465;28.170064948889934;67.57632668992584;22.03591554833887;11.956474069518896;7.103140407270133;0.9923240045759392;-0.4087615967147994;0.06936796312405251;-0.01898192314752964;-0.352919351451595;0.3951797755340098;-0.06986826220783396;-0.2045713656507085;0.5351103723127313;-0.053576011082219405;-0.0166556353869462;0.4659286112425598;-0.047854172411410587;-0.5965298620909587;0.6477044798200028;-0.35771199105752316;-0.26840392455193257;0.887981241997386;-0.11234408087409627;0.03402368983276822;-0.23926365551647896;-0.006040394089256683;0.09549083686421901;-0.31429861975974904;0.02783399900907652;-0.3405294534273184;0.8607050549205716;-0.3784527708746069;-0.33047212884465227;0.8751918767319677;-0.06839060159125297;0.012737995984522743;-0.26585679048323013;0.05052835749101423;0.10124784312976934;-0.3035868551362806;0.037266769512284505;-0.11628850191516908;1.0511851168443975;-0.37967054957999113;-0.3136228548844683;0.7694992991012444;-0.017663555633279555;-0.009434672740532401;-0.24552904628586247;0.10249354778177035;0.0774720287892003;-0.2852930852905516;0.06210961984554051;0.07643426757643644;1.1933010895758243;-0.378619704418139;-0.25418046395721655;0.6651115486218692;-0.0009581194162132166;-0.054310256957597516;-0.13396025809781473;0.07908034431822966;0.03571347345183522;-0.22581055141169973;0.05474730082053193;38.74285545120762;20.824589965983282;18.79055572584161;29.17537445213312;167.94518862134063;10.806835173531347;18.077686792689807;161.04585060701433;16.04991749655267;24.170685353629143;148.0653369479329;19.769107259575275;29.84617769223068;129.97330296607902;32.57816327547181;41.4739200610624;19.486258856219386;14.468077334259569;9.698982489779295
0.9940312573848497;0.315267157478803;-0.2136898501384099;-0.2157196141691411;0.31810271070257506;0.05779521304470502;-0.13382055986967123;0.26706449553849654;0.27270770670560623;-0.061813331121964805;0.15844284113446536;0.32409868483827214;-0.03807834560019923;0.4056703519162175;0.4798876297536328;-0.5442388911843666;0.46775161987317426;0.31910348968161795;-0.03649869911636793;0.14013776602779016;-0.10775306765148242;0.08791364861404163;0.023870550974992463;-0.1560231650494591;0.06817589999883675;0.2950881659502015;0.8519432655848113;-0.4325686610710886;0.5214630518079855;0.18860181419089908;-0.054004257059741385;0.08203448656939699;-0.2573425320865969;0.08330120425548347;-0.03980969898642281;-0.20446164800084793;0.05157561890233953;0.23315447610021967;1.0937440974508281;-0.3022561576208389;0.4927068688230397;0.09662323244522429;-0.03737339907365824;0.03485908555153644;-0.2777606285133623;0.08019564387816175;-0.07045826361290648;-0.19652320985226998;0.042766780047044026;0.21038703258565752;1.222486360320407;-0.18021558615799266;0.3724094127895229;-0.0010514326541090206;-0.061088018425128544;0.03803496711024099;-0.23123643899813864;0.014818924894874385;-0.057416248254078865;-0.149346649056183;0.013855642534537922;40.30321459620953;36.33940741528062;18.457611231235532;39.73098373332664;75.5484064037343;39.61055175979433;52.66216113758192;93.73404916645465;27.81484327593696;66.57690539300924;94.95362695489314;26.451977835454635;79.2698635047841;81.23559418491442;30.31155741358522;66.90152494691468;23.21910224277941;12.415193851323894;7.208632623692905;0.9902695353624218;-0.4004597215364142;0.07348521536875735;-0.016487572619295766;-0.3403717742525835;0.39967888926943823;-0.06827350983692619;-0.2025282461125099;0.534216177159411;-0.0531158193679308;-0.022211827886498912;0.46310334834108013;-0.04723218463671309;-0.5766849040677678;0.6574477920964512;-0.34919707443542375;-0.2673245295349978;0.8703728705984652;-0.11153516559106665;0.027564007517187235;-0.2388426588908691;-0.0072789467134264435;0.08936904656750852;-0.30658118170551224;0.026672580100865734;-0.3276526256692533;0.8694072595067862;-0.3698307369715828;-0.3322816058259009;0.8533540122340384;-0.06658553012540287;0.008411198915497096;-0.2577081939319288;0.04813368693126127;0.10274718639041394;-0.2951534110965103;0.0354373214430334;-0.11016981200658732;1.055225622800216;-0.3713289249091068;-0.31393024649959705;0.7477699694196942;-0.012960278316000546;-0.016892549952729315;-0.23706441224081076;0.10032809004329492;0.07552128714846831;-0.27602602585793695;0.059513239196223915;0.0725709286503148;1.190450261096721;-0.3708664670598998;-0.24872628434087907;0.6388158401116509;0.002715841293997435;-0.061378857414676496;-0.12658495342362025;0.0757831242350762;0.028240152049958396;-0.21085100872436244;0.05150634881004178;39.35419700473572;19.644842899989722;17.937857953619954;27.624036564341292;166.37615715665373;11.647807577185997;17.556983647171123;159.7248361090742;17.612779379581447;24.677087948032103;145.90079178918594;21.554580710243528;30.012510270976826;126.65146851362297;34.39557851958251;42.032129669953484;19.12669620446074;13.963933710833617;9.194067858762219
0.994639267609168;0.3201081080662383;-0.21567237536124;-0.20820094055037836;0.321073857492824;0.058852315508738026;-0.1309081757551392;0.2691156929251855;0.2758167734128069;-0.06042907850494402;0.16017441470657717;0.3237158747851765;-0.03644905828491716;0.41719261818630016;0.478778324733241;-0.5355837536898731;0.46826700025698587;0.3219103958364341;-0.035874068173212134;0.14140290008996728;-0.1008023866432581;0.08941776784144882;0.024064690976274183;-0.15247966087871534;0.07050978300542235;0.30408355379467455;0.85141312983687;-0.42735099701882784;0.5211232086163338;0.19913855242608988;-0.052250478895727016;0.08321993278585293;-0.25392223841995387;0.08658347739219498;-0.04091140894847246;-0.20578029738464607;0.05565391041639778;0.23884247360312963;1.0931675799143965;-0.3002852975423306;0.49444796258150886;0.11107792992146506;-0.03576407451184918;0.04130423106698572;-0.27306097626665493;0.08353908369739606;-0.06709209569923501;-0.19873319975290316;0.04674238266172438;0.212888151906827;1.2212831633643715;-0.18094476111677837;0.3737485006863866;0.006699704020865915;-0.058617175132990605;0.043109880956056036;-0.22513102907426416;0.017741077845681866;-0.05356269308048515;-0.150616711453392;0.017263282688010115;40.46712683171626;36.30759145399558;18.094790143637894;38.78714471867575;74.05203946426471;40.839481144198366;51.298809960948184;94.2712362476403;28.334052739854798;64.8369259979272;95.04734004277651;26.684161178757805;78.02518220022286;81.0296333365153;30.33249485588471;67.095118181504;23.231550876824045;12.360491475741295;7.128590962668041;0.9909294423141292;-0.40362814662072993;0.07624896883169077;-0.017950911049299002;-0.3347021268839141;0.39824909286651555;-0.06540843834209593;-0.20666731007699382;0.5229756395491624;-0.05081384509684047;-0.03294580746259337;0.46132370696542524;-0.043284183973070184;-0.5691126135594974;0.6635207505991411;-0.33563783756164384;-0.27645199034500356;0.8661185998660584;-0.11029578479268319;0.0321036422783641;-0.23971019090141185;-0.007431696322380023;0.0906744780814954;-0.3016094530004293;0.02648903318088833;-0.32361426842777025;0.8775608265614879;-0.3537807243967328;-0.3341478716550278;0.8489863712873084;-0.06360951785588051;0.010477883274769352;-0.2511075343819622;0.048468378969811376;0.09788962435371211;-0.2906911820361753;0.035106705902062524;-0.10872486091101118;1.0639901341130673;-0.3543305527280416;-0.31145330841487795;0.7500373201289979;-0.011865990382625514;-0.017002109983383744;-0.23451675526116172;0.09885656290535931;0.07076332473335147;-0.27640369216009397;0.05809008896470012;0.0693045198314205;1.1995788906402014;-0.35346005727360225;-0.2453613264351038;0.6316201581802675;0.002424380500943115;-0.05994451020019176;-0.12915667880351236;0.0737046635690834;0.025567161292558354;-0.21346680314397373;0.049884047519229806;39.378241928450464;18.482178040358946;17.404767261901778;26.26331324227946;166.7191303995196;11.219564820187946;16.774164276411895;159.85209940553162;16.617720631865726;23.98594270561894;146.0104844946063;20.946069480586473;29.341999994704015;127.86850135203836;32.889342613028894;41.95172348691097;19.031320797638475;13.782471373564393;8.935967345290967
0.9952483823964552;0.32496965839892555;-0.2175888704398622;-0.2004966125824721;0.3240331777847069;0.06000614514273456;-0.12789876391129257;0.27113090755389474;0.27896534705319415;-0.05899292854859546;0.16194422723192745;0.32320457896205296;-0.03476599505267642;0.4288625908557116;0.47776236042615355;-0.5266065525149828;0.4686537593317415;0.324737025366605;-0.035232376270370895;0.14268619447808398;-0.09369056509639424;0.09092553357687905;0.024300701495186504;-0.1488614422252872;0.0728782014856473;0.3132112289959241;0.8508282474059529;-0.4218886339390734;0.5206355718227506;0.2098507471100638;-0.05043413929509846;0.08446628644074652;-0.25039774760631606;0.08992093654881576;-0.041975621241493635;-0.20710963381925807;0.05981368030391126;0.24462648350442356;1.0924140610357376;-0.2981537136200153;0.49607786838827583;0.1258527688356746;-0.03411057158010593;0.04794127791980234;-0.2681974042214886;0.08692218935050626;-0.06356789218933567;-0.20097993293715585;0.050788310715252694;0.21543437595202955;1.2198047406343981;-0.18158642058381755;0.37500035579078284;0.01465451745304158;-0.056086017535895906;0.0483501231123009;-0.2188240298482573;0.02070765092792327;-0.0495334336071246;-0.15190742670850257;0.02073620694232832;40.63914754862346;36.267502949623704;17.71276820742337;37.82323769401744;72.48944094636376;42.09413434966752;49.917692227733724;94.77830837135468;28.857485380762633;63.08273558780599;95.05927605166407;26.95844311269415;76.7540863186079;80.72557539967433;30.40040631006923;67.27191669601055;23.23916842143149;12.308442858535376;7.051389434237134;0.9916062985153784;-0.40672735043573016;0.07897675185524008;-0.019431240299752683;-0.3289647240575066;0.3966491946969921;-0.06251542157744301;-0.21077109274691205;0.5115025440220548;-0.048485012358562604;-0.043692785409916404;0.459395247783053;-0.03930397261240267;-0.5614272168609455;0.6693422927936822;-0.3219433896356456;-0.2855415885487232;0.8616548472155394;-0.10901724023512926;0.0366962052430065;-0.24050370444676178;-0.007575216936715263;0.0919934602893851;-0.29655557353238426;0.02630258019926683;-0.3195227271043041;0.8854079846559344;-0.33757655068346376;-0.33589992848068945;0.8444401734090521;-0.06060685048248265;0.012578497468020705;-0.24443567085398657;0.04880301459021191;0.09296352314425986;-0.2861576107758589;0.03477353239858468;-0.10727246932903432;1.0724166925546144;-0.33717100572592484;-0.3088555378228886;0.7521948298050163;-0.010790381571926988;-0.01706112938742951;-0.23192732895299623;0.09735674859496712;0.06596754498716118;-0.2767460681416003;0.0566553545382568;0.06602047801871117;1.2083674894862042;-0.33588698490065644;-0.24192819560756978;0.6243314548509927;0.0021081740803156972;-0.05843909483441728;-0.13174337288875693;0.07161004968733288;0.022916530216891908;-0.21611535923369168;0.048255789599430804;39.41531079413129;17.286864137060437;16.898859861807452;24.891938377148193;167.05982980538852;10.817483888396499;16.015718336431465;159.98891867832157;15.583942377684501;23.301071212830653;146.13418849078965;20.33622321899505;28.681888534965747;129.1023833575832;31.37524323266404;41.89437840732414;18.928307410560752;13.598066729492418;8.678499611557283
0.9958574971837426;0.329871056077983;-0.21951067386920745;-0.19264597761700358;0.3270020840804789;0.06117142202210485;-0.1248264398717812;0.27314678364553063;0.2821317663096098;-0.057526993100517024;0.16372347361760067;0.3226475550844202;-0.03305202002840516;0.44066903610471186;0.4766746470402546;-0.5174248195913799;0.4689922232661183;0.3275710406113424;-0.03457634445620873;0.14397339348034288;-0.08645430994378135;0.09244680369799121;0.024537655671878347;-0.14516815501065902;0.07527596274054185;0.322448229298183;0.8501351382350358;-0.4162900264966276;0.5200796379983333;0.22070957787464132;-0.048582939016284965;0.0857227216239847;-0.24678788344408387;0.09330122894973784;-0.04305194561202472;-0.20843612224695415;0.06403291135495677;0.2504744063477665;1.0915215443752166;-0.2959534443941012;0.49767613919323944;0.14084886904814317;-0.032426704980923746;0.05467871696157376;-0.263225010841831;0.09034920555402214;-0.05998003449129991;-0.20323917730970614;0.05489293136937334;0.21799621273894354;1.2181609404513398;-0.18221721936220672;0.3762286125097104;0.02273463077082146;-0.05350792988624185;0.053668409156118035;-0.2123909026432123;0.023719180262449322;-0.0454340876149335;-0.15320109330490936;0.024262168314902674;40.81031606493046;36.22755548816427;17.32721891582101;36.85036879505328;70.86897444392672;43.371744738458624;48.525399322457986;95.2589973273821;29.387929137295693;61.33094133248644;94.99295249710042;27.283040473550223;75.47121704604086;80.32764420232942;30.533499102187776;67.42472663796448;23.249634207925336;12.262783422126613;6.978642001401487;0.992283154716628;-0.4096835136458305;0.08167353201353916;-0.020902713125615542;-0.32312414527958705;0.3949168181043893;-0.05960553453053326;-0.21479695782930858;0.4998728963994812;-0.04614322475711517;-0.054408586039825096;0.4573134679632901;-0.03531643623302714;-0.5535625371130339;0.6749273411576836;-0.3081602346392243;-0.294520268659988;0.8569048074715618;-0.10770355812097242;0.04126931450511401;-0.24121421363542483;-0.007715943184078111;0.09327915133182761;-0.29140850328272894;0.0261074643232081;-0.3153287223884661;0.8929420857255728;-0.32128216317891245;-0.3375350796806591;0.8396136686278345;-0.05758812844318722;0.01467164422797168;-0.23769079996128978;0.04912054337295259;0.08801328244427142;-0.28153359530768796;0.034429037637342716;-0.10578579756178429;1.0804657092957348;-0.319922833363045;-0.3061566640195684;0.754093228948479;-0.00971273580510129;-0.01711425639048185;-0.22926295142186276;0.09582609861258451;0.06115660970368637;-0.27699379803208674;0.055203528902838195;0.06271896746605611;1.2167317576702972;-0.31822635172108604;-0.23841799303989553;0.6168414713375945;0.0017917307130901265;-0.05691608888923103;-0.1342813314475626;0.06949426010115596;0.020262129146236634;-0.21868638945617108;0.046613591130070985;39.46909192820489;16.057809089353004;16.4211877335228;23.50938116380175;167.3863144161903;10.449853474634613;15.28814465180749;160.12486812537642;14.532669715778802;22.63123788114384;146.25758141337556;19.742342988098645;28.03839555923598;130.32328607498602;29.875530677910444;41.864543032026745;18.815735794884635;13.409038594124675;8.420447021246405
